1 1 1337 418 162 367
1 1 583 447 91 261
1 1 1457 434 138 328
1 1 439 445 111 274
1 1 732 458 37 113
2 1 1341 416 167 370
2 1 583 448 93 259
2 1 1456 433 142 331
2 1 437 445 112 275
2 1 733 465 37 106
3 1 1341 420 180 378
3 1 583 447 92 261
3 1 1474 435 130 332
3 1 435 443 120 278
3 1 732 460 38 110
4 1 1347 421 179 379
4 1 582 447 93 261
4 1 1484 428 113 341
4 1 435 441 126 280
4 1 733 461 37 109
5 1 1353 418 173 384
5 1 582 448 93 260
5 1 1489 430 110 341
5 1 435 443 131 278
5 1 733 461 37 109
6 1 1360 413 170 388
6 1 583 448 91 260
6 1 1500 427 94 345
6 1 434 443 134 280
6 1 734 468 34 102
7 1 1374 412 155 390
7 1 583 447 92 261
7 1 1503 432 105 336
7 1 436 441 130 282
7 1 734 468 34 102
8 1 1391 414 138 388
8 1 583 446 91 262
8 1 1511 427 91 345
8 1 441 445 127 279
8 1 734 468 34 102
9 1 1405 413 128 385
9 1 583 446 91 262
9 1 1496 426 109 347
9 1 437 445 132 278
9 1 734 468 34 102
10 1 1413 409 122 388
10 1 584 446 91 263
10 1 1514 424 105 352
10 1 440 445 131 277
10 1 734 468 34 102
10 2 1380 432 44 131
11 1 1427 410 119 391
11 1 584 445 91 264
11 1 1534 422 93 347
11 1 441 445 130 277
11 2 1380 432 44 131
11 3 1253 439 37 109
12 1 1438 407 115 389
12 1 584 445 92 264
12 1 1537 423 97 348
12 1 442 445 130 279
12 2 1380 432 44 131
12 3 1253 439 37 109
12 4 732 463 36 108
13 1 1450 412 117 385
13 1 584 444 92 265
13 1 1540 421 111 361
13 1 444 442 127 282
13 2 1380 432 44 131
13 3 1253 439 37 109
13 4 732 460 36 113
14 1 1453 410 123 380
14 1 582 445 92 263
14 1 1546 419 136 370
14 1 445 442 127 286
14 2 1380 432 44 131
14 3 1253 439 37 109
14 4 732 460 36 113
15 1 1448 404 113 395
15 1 582 445 93 262
15 1 1543 422 161 372
15 1 448 444 125 284
15 3 1253 439 37 109
15 4 732 460 36 113
16 1 1463 415 109 379
16 1 582 444 92 264
16 1 1565 425 164 370
16 1 446 443 118 286
16 4 732 460 36 113
17 1 1463 415 109 379
17 1 584 444 90 264
17 1 1577 424 168 373
17 1 449 443 115 288
17 4 732 460 36 113
18 1 1463 415 109 379
18 1 583 446 91 264
18 1 1584 430 158 365
18 1 449 444 114 287
18 5 1453 421 220 392
19 1 1463 415 109 379
19 1 583 445 92 266
19 1 1579 445 174 352
19 1 450 446 116 284
19 5 1457 411 189 390
20 1 1463 415 109 379
20 1 584 445 94 266
20 1 1600 448 157 353
20 1 456 447 113 280
20 5 1458 412 175 387
21 1 584 444 101 267
21 1 1623 438 133 363
21 1 458 448 111 277
21 5 1460 413 238 403
22 1 584 445 103 266
22 1 1634 426 126 375
22 1 461 448 109 280
22 5 1462 411 191 397
22 6 1251 434 36 112
23 1 584 445 105 266
23 1 1638 429 121 373
23 1 464 449 111 278
23 5 1467 409 183 395
23 6 1251 438 34 107
24 1 584 445 103 265
24 1 1648 422 110 382
24 1 465 448 114 281
24 5 1476 410 192 397
24 6 1250 438 35 107
24 7 722 466 46 106
25 1 584 444 101 266
25 1 1657 418 109 382
25 1 461 446 118 279
25 5 1485 407 191 403
25 6 1250 443 36 100
25 7 718 465 49 108
26 1 586 445 100 265
26 1 1667 413 109 385
26 1 464 446 121 281
26 5 1497 405 206 412
26 6 1250 442 36 101
26 7 718 465 49 108
27 1 587 446 99 265
27 1 1675 410 109 389
27 1 464 446 119 279
27 5 1514 406 187 415
27 6 1250 442 36 101
27 7 718 465 49 108
28 1 588 443 101 271
28 1 1678 412 121 391
28 1 466 445 118 283
28 5 1534 411 171 409
28 6 1250 441 34 106
28 7 718 465 49 108
29 1 588 444 100 268
29 1 1675 430 140 368
29 1 468 444 118 283
29 5 1557 395 156 427
29 6 1250 441 34 107
29 7 718 465 49 108
29 8 1429 436 55 123
30 1 589 442 101 271
30 1 1676 424 165 377
30 1 471 443 115 283
30 5 1580 393 152 430
30 6 1250 441 34 105
30 8 1431 433 52 126
31 1 590 443 103 269
31 1 1678 411 214 399
31 1 471 443 115 287
31 5 1599 396 154 426
31 6 1250 442 34 105
31 8 1441 434 44 125
31 9 720 457 44 118
32 1 591 443 102 268
32 1 1716 415 192 393
32 1 480 444 106 296
32 5 1606 398 167 436
32 6 1250 442 34 105
32 8 1447 433 40 126
32 9 720 457 44 118
33 1 592 444 102 269
33 1 1729 414 189 399
33 1 470 443 117 295
33 5 1608 394 179 447
33 6 1250 442 34 106
33 8 1449 434 39 123
33 9 720 457 44 118
34 1 601 443 94 269
34 1 1729 414 189 399
34 1 477 443 109 297
34 5 1615 395 189 451
34 6 1251 441 34 107
34 8 1453 432 40 126
34 9 720 457 44 118
35 1 603 442 95 269
35 1 1759 437 158 391
35 1 472 443 114 298
35 5 1618 395 199 447
35 6 1251 440 34 107
35 8 1455 434 39 122
35 9 720 457 44 118
36 1 604 444 93 268
36 1 1772 416 144 408
36 1 474 443 112 298
36 5 1623 395 229 466
36 6 1251 440 34 108
36 8 1458 434 39 126
37 1 609 445 88 267
37 1 1772 416 144 408
37 1 469 445 119 294
37 5 1629 398 257 470
37 6 1251 438 35 109
37 8 1461 434 40 125
38 1 611 446 86 267
38 1 1772 416 144 408
38 1 466 445 122 290
38 5 1628 398 279 475
38 6 1252 434 35 113
38 8 1463 432 40 123
39 1 612 446 87 267
39 1 1812 443 107 371
39 1 467 446 123 292
39 5 1629 403 271 471
39 6 1253 429 41 117
39 8 1462 432 43 124
40 1 612 446 89 268
40 1 1820 438 99 382
40 1 462 448 129 297
40 5 1629 401 274 471
40 6 1254 426 40 121
40 8 1464 432 50 124
41 1 613 447 89 266
41 1 1828 407 91 416
41 1 473 449 119 295
41 5 1635 404 265 471
41 6 1254 428 39 119
41 8 1462 430 53 126
42 1 614 445 89 268
42 1 1843 404 76 422
42 1 478 448 114 305
42 5 1644 401 257 473
42 6 1254 428 37 119
42 8 1466 429 51 127
43 1 616 446 89 267
43 1 1851 409 68 410
43 1 460 446 131 311
43 5 1650 399 261 484
43 6 1254 424 43 124
43 8 1470 428 49 127
44 1 616 447 90 266
44 1 1851 409 68 410
44 1 461 446 130 315
44 5 1666 394 251 491
44 6 1254 424 42 124
44 8 1475 428 45 127
45 1 616 443 93 271
45 1 1851 409 68 410
45 1 461 445 130 317
45 5 1691 397 219 483
45 6 1255 424 45 124
45 8 1480 429 40 127
46 1 616 444 94 272
46 1 1851 409 68 410
46 1 459 444 132 321
46 5 1712 388 196 492
46 6 1255 423 44 125
46 8 1486 433 34 123
47 1 616 442 95 274
47 1 1851 409 68 410
47 1 459 444 132 320
47 5 1749 389 168 495
47 6 1256 426 43 121
47 8 1490 431 33 123
47 9 698 455 57 207
48 1 618 443 95 272
48 1 460 443 130 319
48 5 1780 386 139 483
48 6 1256 424 44 123
48 8 1495 433 36 123
48 9 698 455 57 207
49 1 618 443 97 272
49 1 463 443 127 319
49 5 1793 384 126 489
49 6 1256 426 44 121
49 8 1495 433 36 123
49 9 698 455 57 207
50 1 618 442 98 273
50 1 463 442 126 319
50 5 1807 385 112 492
50 6 1256 427 42 120
50 8 1495 433 36 123
50 9 698 455 57 207
51 1 618 444 98 272
51 1 457 442 132 320
51 5 1815 380 103 495
51 6 1257 426 44 122
51 8 1495 433 36 123
51 9 698 455 57 207
52 1 619 444 97 273
52 1 466 441 123 321
52 5 1821 381 98 492
52 6 1256 426 44 122
52 8 1495 433 36 123
52 9 699 454 62 207
53 1 620 444 97 273
53 1 469 441 120 320
53 5 1821 386 98 492
53 6 1257 427 44 121
53 9 698 455 65 207
54 1 621 443 95 276
54 1 469 442 120 319
54 5 1815 393 104 482
54 6 1257 426 45 121
54 9 695 454 70 206
55 1 622 445 93 275
55 1 468 441 120 320
55 5 1819 408 100 466
55 6 1257 426 45 122
55 9 693 459 74 201
55 10 1528 432 40 120
56 1 623 443 90 277
56 1 470 441 119 320
56 5 1821 387 98 497
56 6 1258 425 44 122
56 9 698 460 66 200
56 10 1531 435 35 117
57 1 624 445 91 278
57 1 468 439 121 323
57 5 1823 383 96 500
57 6 1258 427 43 120
57 9 698 467 66 195
57 10 1534 436 35 116
58 1 625 443 90 279
58 1 475 443 114 319
58 5 1823 383 96 500
58 6 1259 428 42 119
58 9 698 467 66 195
58 10 1534 435 36 115
59 1 625 442 90 281
59 1 489 441 104 318
59 5 1823 383 96 500
59 6 1259 430 42 117
59 9 703 456 71 212
59 10 1538 435 36 114
60 1 625 443 89 282
60 1 489 441 111 318
60 5 1823 383 96 500
60 6 1259 428 44 119
60 9 703 454 68 218
60 10 1541 436 33 113
61 1 623 443 91 285
61 1 483 441 126 322
61 5 1823 383 96 500
61 6 1259 428 43 119
61 9 703 454 68 218
61 10 1541 436 33 113
62 1 622 444 90 280
62 1 480 441 139 324
62 6 1258 429 43 118
62 9 704 457 68 213
62 10 1541 436 33 113
63 1 621 445 91 278
63 1 477 443 141 318
63 6 1258 428 44 118
63 9 700 458 66 214
63 10 1541 436 33 113
64 1 619 446 94 275
64 1 476 445 149 316
64 6 1258 426 44 120
64 9 698 458 73 214
64 10 1541 436 33 113
65 1 619 448 92 277
65 1 490 444 135 318
65 6 1257 423 45 123
65 9 697 458 70 218
66 1 619 448 92 279
66 1 486 445 144 317
66 6 1257 423 46 123
66 9 700 459 69 215
67 1 618 448 93 281
67 1 487 446 144 316
67 6 1258 424 44 121
67 9 701 460 69 214
67 10 1546 428 36 121
68 1 616 448 96 281
68 1 487 445 150 318
68 6 1259 424 44 122
68 9 699 460 71 215
68 10 1545 430 37 120
69 1 615 448 97 282
69 1 487 443 148 320
69 6 1259 425 44 120
69 9 699 460 73 217
69 10 1543 425 39 125
70 1 612 451 98 278
70 1 489 443 146 319
70 6 1258 425 45 121
70 9 700 463 71 214
70 10 1544 422 42 129
71 1 611 448 99 282
71 1 491 441 145 323
71 6 1258 425 45 121
71 9 700 457 75 220
71 10 1544 424 41 127
72 1 613 447 95 283
72 1 492 438 145 327
72 6 1259 423 44 123
72 9 700 455 77 223
72 10 1544 425 41 126
73 1 616 446 96 290
73 1 498 437 140 329
73 6 1258 422 46 123
73 9 701 456 77 222
73 10 1545 423 42 130
74 1 618 445 95 291
74 1 505 436 134 331
74 6 1259 423 45 122
74 9 701 455 80 223
74 10 1545 423 42 130
75 1 618 445 94 291
75 1 507 438 132 328
75 6 1258 422 46 125
75 9 702 454 75 220
75 10 1545 423 42 130
76 1 621 445 92 289
76 1 517 443 123 323
76 6 1259 422 46 125
76 9 702 454 75 220
76 10 1545 423 42 130
77 1 622 444 90 288
77 1 520 441 121 326
77 6 1259 422 46 125
77 9 702 454 75 220
77 10 1545 423 42 130
78 1 624 444 85 286
78 1 522 440 121 327
78 6 1259 427 43 118
78 9 702 454 75 220
79 1 627 443 82 287
79 1 537 444 109 325
79 6 1259 425 45 121
79 9 702 458 93 219
79 10 999 439 40 88
80 1 629 444 82 285
80 1 540 445 109 326
80 6 1259 424 45 122
80 9 706 458 96 221
80 10 999 439 40 88
81 1 634 446 81 282
81 1 547 445 105 333
81 6 1259 425 45 121
81 9 710 457 96 221
81 10 999 439 40 88
81 11 708 454 68 225
82 1 637 452 79 280
82 1 552 445 102 334
82 6 1259 423 45 123
82 9 713 460 98 217
82 10 999 439 40 88
82 11 708 454 68 225
83 1 639 453 79 279
83 1 558 445 97 335
83 6 1260 423 43 123
83 9 715 460 96 220
83 10 999 439 40 88
83 11 708 454 68 225
84 1 640 450 80 283
84 1 564 447 91 334
84 6 1260 427 42 119
84 9 716 459 97 222
84 11 708 454 68 225
85 1 642 451 78 281
85 1 565 446 94 339
85 6 1260 421 44 124
85 9 717 457 97 225
85 11 708 454 68 225
86 1 644 451 80 280
86 1 539 444 119 328
86 6 1260 422 43 123
86 9 718 457 98 226
87 1 642 450 78 280
87 1 517 444 143 330
87 6 1259 421 44 124
87 9 719 456 98 226
87 10 554 444 107 311
88 1 643 447 75 286
88 1 517 444 143 330
88 6 1260 419 43 125
88 9 722 451 97 230
88 10 554 444 107 311
89 1 645 447 76 287
89 1 517 444 143 330
89 6 1260 421 44 124
89 9 723 450 99 232
89 10 554 444 107 311
89 11 511 446 99 300
90 1 643 445 80 286
90 1 517 444 143 330
90 6 1260 421 44 124
90 9 724 449 99 231
90 10 554 444 107 311
90 11 507 447 103 300
91 1 642 446 89 294
91 1 517 444 143 330
91 6 1258 418 48 128
91 9 729 451 95 228
91 10 554 444 107 311
91 11 509 450 99 295
92 1 643 445 90 289
92 6 1258 420 47 127
92 9 733 450 92 228
92 11 509 450 99 295
93 1 641 446 92 295
93 6 1257 422 46 125
93 9 734 449 92 230
93 11 511 453 100 290
94 1 641 446 93 298
94 6 1258 423 45 124
94 9 737 451 92 228
94 11 511 453 100 290
94 12 552 445 112 311
95 1 641 445 97 298
95 6 1255 426 48 123
95 9 741 451 88 228
95 11 509 451 101 292
95 12 552 445 112 311
96 1 645 446 95 296
96 6 1257 424 45 124
96 9 742 450 86 231
96 11 509 451 101 292
96 12 560 444 104 322
97 1 645 446 96 291
97 6 1257 425 45 122
97 9 745 451 86 232
97 11 509 451 101 292
97 12 565 445 98 332
98 1 644 445 99 293
98 6 1255 428 45 119
98 9 745 447 88 239
98 11 509 451 101 292
98 12 558 444 106 346
99 1 646 444 102 296
99 6 1256 432 43 115
99 9 749 448 88 240
99 11 509 451 101 292
99 12 569 443 97 343
100 1 647 444 101 296
100 6 1256 434 42 113
100 9 752 448 88 238
100 12 563 441 103 357
101 1 647 444 106 295
101 6 1255 431 42 116
101 9 752 448 90 244
101 12 571 443 96 357
101 13 502 451 108 294
101 14 1002 439 36 87
102 1 648 444 108 295
102 6 1254 435 41 112
102 9 753 448 93 243
102 12 575 442 95 358
102 13 497 447 113 298
102 14 1002 439 36 87
103 1 649 443 108 297
103 6 1254 436 40 110
103 9 754 448 91 246
103 12 572 441 98 359
103 13 497 447 113 298
103 14 1003 438 35 89
104 1 651 443 106 298
104 6 1253 437 40 109
104 9 753 449 94 243
104 12 568 440 102 358
104 13 497 447 113 298
104 14 1003 438 34 88
105 1 654 442 102 298
105 6 1253 437 40 109
105 9 759 453 89 241
105 12 566 439 104 359
105 13 497 447 113 298
105 14 1003 438 34 88
106 1 656 442 105 299
106 6 1253 437 40 109
106 9 761 454 87 240
106 12 564 438 106 361
106 13 497 447 113 298
106 14 1003 438 34 88
107 1 658 442 107 300
107 6 1253 437 40 109
107 9 763 457 86 238
107 12 550 438 121 360
107 14 1003 438 34 88
108 1 661 439 104 303
108 6 1253 437 40 109
108 9 762 450 87 246
108 12 541 438 133 362
108 14 1003 440 34 86
109 1 661 440 103 307
109 9 761 450 89 246
109 12 535 438 142 362
109 14 1003 440 34 86
110 1 661 441 103 308
110 9 761 450 89 245
110 12 553 438 127 364
110 14 1003 440 34 86
111 1 662 440 104 306
111 9 762 450 89 246
111 12 561 440 123 365
111 14 1003 440 34 86
112 1 666 439 100 310
112 9 764 447 86 248
112 12 566 439 119 368
112 14 1003 440 34 86
112 15 1247 442 38 104
113 1 666 439 101 312
113 9 766 449 84 246
113 12 530 439 156 370
113 15 1245 446 37 101
114 1 668 440 98 313
114 9 764 450 86 245
114 12 529 437 157 371
114 15 1246 445 38 101
115 1 669 443 98 308
115 9 765 447 88 247
115 12 531 439 153 368
115 15 1245 444 39 101
116 1 670 442 98 311
116 9 765 449 87 245
116 12 528 440 155 366
116 15 1244 442 36 102
117 1 670 442 99 311
117 9 766 454 87 241
117 12 528 440 156 368
117 15 1245 441 38 101
118 1 671 441 97 313
118 9 767 452 88 242
118 12 531 439 154 376
118 15 1245 441 38 101
119 1 673 440 100 320
119 9 766 451 96 246
119 12 529 441 157 380
119 15 1245 441 38 101
120 1 675 440 100 320
120 9 767 453 99 246
120 12 527 441 160 383
120 15 1245 441 38 101
121 1 676 438 100 323
121 9 769 455 98 245
121 12 529 443 165 386
121 15 1245 441 38 101
122 1 678 438 102 323
122 9 770 456 105 246
122 12 528 441 171 388
123 1 679 438 101 322
123 9 770 456 108 248
123 12 530 441 170 390
124 1 681 440 99 321
124 9 772 455 108 250
124 12 534 439 169 391
125 1 684 439 96 324
125 9 777 457 106 248
125 12 535 441 169 390
126 1 685 438 97 324
126 9 778 457 101 245
126 12 538 442 168 386
127 1 684 438 99 324
127 9 777 459 102 245
127 12 533 443 175 386
128 1 685 436 99 326
128 9 782 460 99 244
128 12 562 444 149 384
129 1 687 435 95 330
129 9 784 459 99 246
129 12 576 444 136 385
130 1 686 436 99 330
130 9 788 456 95 248
130 12 570 443 143 386
131 1 687 435 98 332
131 9 790 455 96 250
131 12 581 441 132 389
132 1 690 434 94 335
132 9 788 453 102 251
132 12 579 440 135 391
133 1 693 435 88 331
133 9 792 453 100 252
133 12 587 442 129 391
134 1 694 433 93 332
134 9 792 450 102 254
134 12 578 435 140 401
135 1 695 432 96 333
135 9 789 449 104 255
135 12 582 435 137 407
136 1 696 433 92 330
136 9 791 449 102 256
136 12 578 434 142 410
137 1 697 433 97 330
137 9 801 454 95 252
137 12 583 438 138 411
138 1 697 434 102 331
138 9 804 447 95 262
138 12 573 434 148 415
139 1 698 434 103 330
139 9 808 447 93 263
139 12 563 433 158 429
140 1 699 434 106 332
140 9 812 449 90 267
140 12 572 434 147 429
140 13 1215 447 38 108
141 1 699 434 107 333
141 9 813 447 90 266
141 12 561 435 158 427
141 13 1215 447 38 108
142 1 700 434 117 333
142 9 813 446 94 270
142 12 563 436 156 425
142 13 1215 447 38 108
143 1 699 434 123 333
143 9 814 445 89 279
143 12 577 436 142 433
143 13 1215 447 38 108
144 1 695 434 129 334
144 9 816 447 87 272
144 12 570 434 150 439
144 13 1215 447 38 108
145 1 698 437 135 330
145 9 825 450 79 266
145 12 563 434 157 445
146 1 701 436 133 332
146 9 827 450 78 264
146 12 551 436 169 440
146 13 880 432 72 247
147 1 705 438 126 332
147 9 827 448 80 268
147 12 554 437 166 428
147 13 881 434 76 246
148 1 707 440 125 330
148 9 824 450 84 266
148 12 544 438 175 451
148 13 886 438 69 247
149 1 710 439 123 335
149 9 827 448 84 274
149 12 552 433 168 456
149 13 889 440 78 244
150 1 711 439 125 336
150 9 826 447 85 275
150 12 548 432 174 459
150 13 889 439 79 245
151 1 713 437 116 337
151 9 827 446 87 277
151 12 544 429 178 462
151 13 891 439 81 244
152 1 716 436 115 337
152 9 828 444 89 280
152 12 537 426 186 467
152 13 893 440 79 242
153 1 718 433 119 340
153 9 828 445 87 279
153 12 536 426 179 467
153 13 895 437 76 258
153 14 1194 442 36 104
154 1 720 433 117 339
154 9 830 445 87 281
154 12 533 426 182 467
154 13 899 438 73 244
154 14 1194 443 37 104
155 1 722 434 118 340
155 9 830 445 87 283
155 12 531 424 185 471
155 13 899 438 73 244
155 14 1194 443 37 104
156 1 724 434 116 338
156 9 832 445 89 289
156 12 532 425 180 470
156 13 897 436 75 248
156 14 1194 443 37 104
157 1 726 432 117 342
157 9 836 447 87 284
157 12 531 428 177 455
157 13 903 438 75 254
157 14 1194 443 37 104
158 1 729 432 120 340
158 9 841 449 86 280
158 12 533 428 172 452
158 13 907 439 76 255
158 14 1194 443 37 104
159 1 732 433 118 339
159 9 843 445 87 289
159 12 532 429 171 449
159 13 911 441 76 252
160 1 735 434 118 339
160 9 844 447 87 283
160 12 532 430 171 460
160 13 910 440 85 247
160 14 668 441 84 332
161 1 739 429 115 347
161 9 847 446 85 289
161 12 533 430 172 459
161 13 912 440 88 249
161 14 666 443 86 335
162 1 743 430 113 349
162 9 848 448 86 287
162 12 531 431 172 459
162 13 912 442 87 253
162 14 666 443 84 342
163 1 745 429 113 352
163 9 851 448 83 284
163 12 528 429 179 466
163 13 915 443 86 260
163 14 665 443 85 353
164 1 746 431 114 351
164 9 852 449 89 287
164 12 530 427 182 472
164 13 923 443 79 249
164 14 668 443 86 357
165 1 747 431 116 349
165 9 857 446 105 288
165 12 529 427 183 476
165 13 925 438 79 256
165 14 669 442 93 358
166 1 748 433 116 351
166 9 859 446 110 289
166 12 529 425 190 480
166 13 926 436 80 256
166 14 672 440 94 362
167 1 748 431 120 355
167 9 860 444 120 291
167 12 528 425 202 479
167 13 931 438 76 253
167 14 673 440 92 362
168 1 750 435 120 353
168 9 862 445 122 290
168 12 531 425 205 476
168 13 932 440 75 253
168 14 674 441 87 361
168 15 1145 443 43 101
169 1 752 437 118 352
169 9 864 446 120 292
169 12 532 423 215 476
169 13 937 440 76 238
169 14 675 441 87 363
169 15 1145 443 43 101
170 1 754 438 118 351
170 9 866 444 118 298
170 12 527 426 235 474
170 13 939 439 76 237
170 14 677 440 83 367
170 15 1148 444 41 101
171 1 755 437 119 355
171 9 867 446 119 297
171 12 534 428 233 473
171 13 939 437 85 227
171 14 677 440 83 367
171 15 1148 443 42 102
172 1 759 437 119 351
172 9 867 447 119 293
172 12 536 431 234 473
172 13 950 441 75 250
172 14 677 440 83 367
172 15 1148 443 42 102
173 1 760 437 118 341
173 9 869 447 116 294
173 12 544 429 224 476
173 13 952 439 76 254
173 14 677 440 83 367
173 15 1148 443 42 102
174 1 761 437 120 339
174 9 872 448 113 294
174 12 558 431 213 473
174 13 955 438 75 254
174 14 677 440 83 367
174 15 1148 443 42 102
175 1 765 437 117 353
175 9 876 447 116 292
175 12 556 428 214 478
175 13 957 434 73 261
175 15 1148 443 42 102
176 1 767 438 114 358
176 9 877 445 114 294
176 12 558 428 213 480
176 13 959 435 75 267
177 1 770 438 113 360
177 9 878 444 116 295
177 12 567 430 206 481
177 13 964 438 73 260
178 1 772 437 112 363
178 9 883 444 110 294
178 12 571 429 200 481
178 13 967 437 94 259
178 14 1154 447 42 100
179 1 773 436 116 358
179 9 885 443 113 298
179 12 573 423 194 486
179 13 972 439 93 255
179 14 1156 450 41 97
180 1 775 435 117 359
180 9 895 445 103 297
180 12 573 424 195 484
180 13 971 435 88 254
180 14 1156 450 41 97
181 1 776 435 115 362
181 9 901 446 101 296
181 12 575 423 200 486
181 13 974 435 90 260
181 14 1156 450 41 97
182 1 779 435 113 360
182 9 908 447 95 298
182 12 576 427 201 483
182 13 976 431 88 267
182 14 1156 450 41 97
183 1 781 434 117 363
183 9 912 446 94 301
183 12 580 426 201 487
183 13 979 430 81 266
183 14 1156 450 41 97
184 1 782 434 121 363
184 9 917 443 89 301
184 12 588 424 197 492
184 13 983 428 84 264
184 14 1156 452 38 97
185 1 784 434 124 364
185 9 920 445 86 304
185 12 597 425 191 494
185 13 984 419 87 279
185 14 1156 452 38 97
185 15 568 435 59 165
186 1 785 434 120 365
186 9 924 446 89 303
186 12 598 424 190 490
186 13 991 430 83 263
186 14 1154 453 39 94
186 15 568 434 60 170
187 1 789 434 117 366
187 9 928 444 85 306
187 12 606 420 183 496
187 13 994 438 85 257
187 14 1154 455 40 91
187 15 569 433 59 171
188 1 791 433 120 370
188 9 930 443 95 306
188 12 611 421 179 497
188 13 997 437 85 263
188 14 1154 455 40 91
188 15 568 432 61 176
189 1 794 431 116 372
189 9 932 444 109 309
189 12 615 420 179 509
189 13 1004 439 80 263
189 14 1153 447 41 101
189 15 567 437 63 174
190 1 797 431 121 372
190 9 936 445 110 306
190 12 611 422 189 510
190 13 1005 441 79 261
190 14 1152 450 42 98
190 15 568 443 60 164
190 16 1671 430 109 207
191 1 799 433 119 369
191 9 941 445 115 310
191 12 619 422 184 517
191 13 1005 441 79 261
191 14 1152 450 42 98
191 15 567 443 61 168
191 16 1670 424 110 212
192 1 799 433 123 368
192 9 943 449 114 306
192 12 622 422 181 526
192 13 1005 441 79 261
192 14 1152 448 46 99
192 15 565 444 64 168
192 16 1670 424 110 212
193 1 802 434 117 367
193 9 945 446 113 309
193 12 625 424 179 529
193 13 1005 441 79 261
193 14 1152 448 46 99
193 15 566 443 64 172
193 16 1670 424 110 212
194 1 804 435 116 369
194 9 946 448 114 307
194 12 629 424 176 536
194 13 1005 441 79 261
194 14 1152 448 46 99
194 15 567 444 65 170
194 16 1670 424 110 212
194 17 1016 445 102 259
195 1 806 434 122 371
195 9 947 448 119 310
195 12 628 421 179 540
195 14 1152 448 46 99
195 15 565 436 69 180
195 16 1670 424 110 212
195 17 1021 441 95 266
196 1 807 432 134 373
196 9 946 447 120 312
196 12 637 421 169 548
196 14 1152 448 46 99
196 15 566 439 69 176
196 17 1026 437 87 270
197 1 809 432 149 374
197 9 949 447 117 309
197 12 640 423 166 545
197 15 567 441 67 172
197 17 1032 437 89 272
197 18 654 425 154 418
197 19 1671 428 110 208
198 1 812 433 154 376
198 9 957 446 109 310
198 12 639 426 171 532
198 15 568 443 68 172
198 17 1034 438 91 270
198 18 654 425 154 418
198 19 1670 431 111 205
199 1 815 433 161 377
199 9 965 450 101 309
199 12 651 424 166 534
199 15 569 446 66 168
199 17 1040 442 94 268
199 18 654 425 154 418
199 19 1670 431 112 205
200 1 818 435 157 375
200 9 970 451 99 309
200 12 653 422 174 539
200 15 569 453 65 161
200 17 1044 442 92 269
200 18 654 425 154 418
200 19 1670 428 111 208
201 1 820 437 161 375
201 9 977 446 94 316
201 12 643 428 190 529
201 15 570 451 66 164
201 17 1046 436 91 276
201 18 654 425 154 418
201 19 1670 428 111 208
202 1 823 437 157 376
202 9 984 448 91 314
202 12 644 424 195 541
202 15 570 455 67 159
202 17 1050 437 90 282
202 19 1670 428 111 208
203 1 826 440 151 370
203 9 990 448 86 314
203 12 653 425 189 551
203 15 571 454 68 162
203 17 1054 439 89 277
203 19 1670 428 111 208
204 1 827 435 151 377
204 9 993 447 89 319
204 12 654 426 191 559
204 15 573 454 67 162
204 17 1057 439 87 276
204 19 1670 428 111 208
205 1 827 434 152 378
205 9 997 447 90 323
205 12 667 426 175 564
205 15 574 450 66 168
205 17 1060 444 86 271
206 1 829 435 150 375
206 9 1002 448 91 322
206 12 666 427 178 566
206 15 576 454 65 164
206 17 1064 437 85 282
207 1 831 435 151 374
207 9 1006 448 97 316
207 12 667 422 178 572
207 15 578 453 65 165
207 17 1071 437 80 285
208 1 833 435 153 374
208 9 1009 447 96 318
208 12 669 423 177 571
208 15 579 450 67 169
208 17 1075 435 78 285
209 1 837 436 148 374
209 9 1015 445 130 317
209 12 671 416 177 579
209 15 581 456 70 162
209 17 1075 435 78 285
210 1 841 432 146 378
210 9 1016 445 147 321
210 12 671 415 179 579
210 15 584 457 66 161
210 17 1075 435 78 285
210 18 1188 451 41 99
211 1 847 429 149 381
211 9 1018 450 157 313
211 12 672 415 180 579
211 15 585 456 70 161
211 17 1075 435 78 285
211 18 1188 451 41 99
212 1 854 428 143 381
212 9 1019 448 158 317
212 12 674 409 181 585
212 15 589 450 62 166
212 17 1075 435 78 285
212 18 1188 451 41 99
213 1 863 429 137 383
213 9 1018 448 160 320
213 12 675 413 184 582
213 15 588 454 69 163
213 18 1188 451 41 99
214 1 870 426 134 386
214 9 1020 451 157 318
214 12 678 415 183 581
214 15 590 452 68 167
214 18 1188 451 41 99
215 1 877 428 130 388
215 9 1022 447 154 323
215 12 686 411 183 584
215 15 592 454 67 165
216 1 881 428 126 392
216 9 1023 446 161 325
216 12 684 411 187 584
216 15 594 457 69 166
216 16 1119 427 83 305
217 1 882 428 126 396
217 9 1025 446 163 325
217 12 684 410 189 585
217 15 594 457 70 165
217 16 1119 427 83 305
218 1 883 428 127 395
218 9 1030 448 160 322
218 12 689 410 192 586
218 15 597 456 65 164
218 16 1119 427 83 305
219 1 886 428 131 395
219 9 1034 444 151 328
219 12 693 408 192 586
219 15 596 459 65 163
219 16 1119 427 83 305
220 1 888 429 129 402
220 9 1040 442 149 330
220 12 695 408 200 588
220 15 596 457 64 164
220 16 1119 427 83 305
221 1 894 430 126 408
221 9 1053 440 135 331
221 12 697 409 196 584
221 15 599 456 61 164
222 1 894 428 127 398
222 9 1066 443 129 327
222 12 701 408 233 586
222 15 602 460 58 160
223 1 896 429 129 399
223 9 1081 442 118 333
223 12 710 407 254 589
223 15 603 459 59 163
224 1 898 429 129 400
224 9 1094 439 104 340
224 12 713 409 264 587
224 15 603 456 60 167
225 1 901 429 128 410
225 9 1102 437 104 341
225 12 717 409 277 586
225 15 604 458 59 165
226 1 902 429 134 411
226 9 1107 439 94 345
226 12 728 406 281 590
226 15 605 460 59 166
226 16 1174 427 66 304
227 1 904 429 131 410
227 9 1113 441 91 342
227 12 731 407 295 587
227 15 607 458 56 167
227 16 1176 426 69 305
228 1 905 426 133 415
228 9 1115 440 93 350
228 12 740 407 292 588
228 15 611 461 53 164
228 16 1183 428 68 300
229 1 904 426 135 420
229 9 1115 438 102 346
229 12 743 409 291 586
229 15 611 460 54 167
229 16 1183 428 68 300
230 1 906 426 136 421
230 9 1120 446 107 338
230 12 757 411 278 585
230 15 612 453 55 173
230 16 1183 428 68 300
230 17 1190 427 77 186
231 1 911 426 128 421
231 9 1127 443 123 346
231 12 765 412 272 586
231 15 612 457 57 170
231 16 1183 428 68 300
231 17 1196 429 74 174
232 1 913 425 130 419
232 9 1131 446 129 347
232 12 770 412 271 586
232 15 613 452 59 175
232 16 1183 428 68 300
232 17 1205 430 68 176
233 1 919 428 132 413
233 9 1131 445 138 349
233 12 768 417 271 582
233 15 614 451 60 175
233 17 1210 432 68 173
234 1 920 427 134 411
234 9 1131 444 140 353
234 12 776 418 266 581
234 15 614 451 61 175
234 17 1210 432 68 173
235 1 923 427 131 410
235 9 1131 443 146 359
235 12 777 421 266 577
235 15 615 453 61 173
235 17 1210 432 68 173
236 1 931 426 126 411
236 9 1134 444 149 357
236 12 782 420 261 577
236 15 619 456 57 172
236 17 1210 432 68 173
237 1 936 425 123 406
237 9 1136 445 148 357
237 12 792 423 249 574
237 15 620 451 58 180
237 17 1210 432 68 173
238 1 943 422 120 421
238 9 1140 444 143 358
238 12 790 410 253 587
238 15 623 457 53 174
239 1 943 422 120 421
239 9 1153 442 129 360
239 12 801 417 242 578
239 15 625 456 66 175
239 16 716 435 152 431
240 1 949 423 121 420
240 9 1167 440 122 362
240 12 805 415 236 581
240 15 626 454 64 176
240 16 715 434 155 433
241 1 953 423 115 419
241 9 1183 439 106 367
241 12 813 428 227 570
241 15 627 455 64 178
241 16 721 435 155 428
242 1 956 423 116 421
242 9 1182 439 113 362
242 12 824 430 217 567
242 15 627 457 67 174
242 16 759 439 125 424
243 1 961 422 112 422
243 9 1190 436 114 367
243 12 833 422 214 578
243 15 629 458 71 174
243 16 749 439 137 425
244 1 961 422 112 422
244 9 1198 435 109 367
244 12 842 411 204 595
244 15 629 460 72 173
244 16 765 436 124 427
245 1 961 422 112 422
245 9 1201 435 115 368
245 12 853 394 210 618
245 15 629 461 71 173
245 16 765 435 126 429
246 1 961 422 112 422
246 9 1207 437 105 365
246 12 861 395 219 628
246 15 630 459 71 175
246 16 770 435 132 437
247 1 961 422 112 422
247 9 1209 437 114 365
247 12 874 399 213 630
247 15 630 459 74 176
247 16 774 434 140 444
248 9 1212 440 136 363
248 12 888 413 197 622
248 15 633 466 66 167
248 16 782 434 136 444
248 17 1667 414 115 222
249 9 1216 440 155 364
249 12 892 416 195 625
249 15 634 458 68 177
249 16 784 433 135 445
249 17 1667 414 115 222
250 9 1218 435 177 370
250 12 894 412 219 627
250 15 641 455 65 178
250 16 782 434 140 446
250 17 1668 426 113 210
251 9 1218 437 192 369
251 12 901 409 218 631
251 15 646 451 67 182
251 16 787 433 137 445
251 17 1668 426 113 210
252 9 1217 429 202 378
252 12 909 407 212 632
252 15 650 455 66 177
252 16 792 431 135 448
252 17 1668 426 113 210
253 9 1218 429 204 378
253 12 917 408 204 633
253 15 650 454 69 180
253 16 798 433 131 446
253 17 1670 424 113 212
253 18 1851 451 68 331
254 9 1217 428 202 381
254 12 921 411 193 630
254 15 651 453 71 180
254 16 804 431 121 448
254 17 1669 420 113 216
254 18 1839 404 80 377
255 9 1219 426 203 386
255 12 925 412 190 629
255 15 655 453 68 179
255 16 809 430 121 451
255 17 1669 420 113 216
255 18 1810 388 109 394
255 19 1100 439 47 119
256 9 1225 427 200 387
256 12 924 422 198 620
256 15 656 454 70 178
256 16 812 430 126 460
256 17 1669 420 113 216
256 18 1800 390 119 390
256 19 1100 439 47 119
257 9 1231 426 198 387
257 12 926 409 203 632
257 15 656 454 72 179
257 16 814 431 129 461
257 17 1669 420 113 216
257 18 1804 395 115 381
257 19 1100 439 47 119
258 9 1240 429 192 386
258 12 930 403 188 639
258 15 660 452 71 183
258 16 813 431 132 464
258 17 1669 420 113 216
258 18 1801 395 118 383
258 19 1100 439 47 119
259 9 1252 428 181 386
259 12 933 398 187 643
259 15 660 453 72 182
259 16 815 431 127 463
259 18 1778 399 141 381
259 19 1100 439 47 119
260 9 1265 426 170 388
260 12 934 403 178 638
260 15 661 453 70 181
260 16 815 430 124 476
260 18 1755 398 163 377
261 9 1280 423 162 391
261 12 935 407 179 634
261 15 662 454 70 183
261 16 802 431 135 488
261 18 1720 399 198 377
262 9 1306 422 139 393
262 12 936 413 178 628
262 15 662 454 72 185
262 16 816 432 133 491
262 18 1684 419 235 357
263 9 1321 425 129 390
263 12 937 407 180 635
263 15 663 456 75 182
263 16 819 432 129 491
263 18 1668 412 249 365
264 9 1334 422 120 394
264 12 938 407 187 635
264 15 664 457 77 182
264 16 821 440 130 484
264 18 1666 413 250 363
265 9 1341 422 119 403
265 12 938 409 192 633
265 15 668 456 73 184
265 16 821 439 131 484
265 18 1659 419 247 353
265 19 505 441 46 121
266 9 1346 422 124 409
266 12 940 409 175 632
266 15 673 456 71 184
266 16 823 432 130 491
266 18 1659 421 235 351
266 19 505 441 47 121
267 9 1353 429 121 401
267 12 943 413 171 628
267 15 671 454 71 186
267 16 823 431 133 492
267 18 1656 411 219 353
267 19 504 440 47 122
268 9 1354 423 141 413
268 12 945 418 166 623
268 15 675 455 68 185
268 16 820 431 133 492
268 18 1655 413 193 343
268 19 504 436 47 126
269 9 1357 422 160 416
269 12 948 419 164 623
269 15 673 454 72 184
269 16 793 430 159 494
269 18 1654 416 170 339
269 19 503 438 48 125
270 9 1359 423 182 416
270 12 950 420 166 622
270 15 677 453 70 187
270 16 792 429 159 495
270 18 1655 412 139 342
270 19 504 437 47 126
271 9 1359 427 197 414
271 12 952 415 160 628
271 15 684 454 63 185
271 16 819 428 134 495
271 18 1654 406 110 349
271 19 505 436 46 127
272 9 1363 428 197 413
272 12 955 411 161 632
272 15 683 451 68 193
272 16 824 428 131 495
272 18 1642 408 97 344
272 19 505 442 47 120
273 9 1366 427 196 420
273 12 960 417 156 626
273 15 685 452 69 190
273 16 830 427 130 496
273 18 1637 408 87 345
273 19 505 442 47 121
274 9 1366 424 201 428
274 12 965 415 153 629
274 15 681 449 83 194
274 16 832 425 130 498
274 18 1612 423 109 328
274 19 505 442 47 120
274 20 964 406 153 458
275 9 1368 425 200 427
275 12 969 411 154 633
275 15 685 448 85 191
275 16 830 425 132 498
275 18 1588 417 130 335
275 19 505 441 48 121
275 20 964 406 153 458
276 9 1377 426 191 427
276 12 972 405 150 639
276 15 702 451 70 190
276 16 823 423 137 499
276 18 1563 418 153 334
276 19 505 440 47 122
276 20 964 406 153 458
277 9 1381 426 191 428
277 12 974 406 157 637
277 15 701 455 74 190
277 16 825 422 135 499
277 18 1546 415 171 335
277 19 504 440 48 122
277 20 964 406 153 458
278 9 1420 429 175 425
278 12 975 407 153 637
278 15 709 453 70 193
278 16 830 422 132 499
278 18 1539 419 177 328
278 19 505 440 46 122
278 20 964 406 153 458
279 9 1438 423 149 430
279 12 979 406 152 639
279 15 709 453 70 193
279 16 828 420 134 501
279 18 1538 418 176 330
279 19 504 440 48 122
280 9 1443 422 141 432
280 12 984 407 152 637
280 15 708 453 81 191
280 16 830 421 134 500
280 18 1560 417 145 332
280 19 503 438 49 124
281 9 1455 417 126 434
281 12 985 410 151 634
281 15 707 454 85 191
281 16 828 421 141 499
281 18 1560 417 145 332
281 19 503 440 48 123
281 20 1558 419 84 240
282 9 1466 419 124 434
282 12 988 412 154 631
282 15 712 457 83 187
282 16 827 421 155 500
282 18 1560 417 145 332
282 19 503 440 48 123
282 20 1558 419 84 240
282 21 1080 422 142 387
283 9 1474 418 136 436
283 12 989 413 156 631
283 15 713 456 84 189
283 16 825 423 172 498
283 18 1560 417 145 332
283 19 503 440 48 123
283 20 1558 419 84 240
283 21 1080 422 142 387
284 9 1479 423 144 430
284 12 994 409 145 633
284 15 715 452 83 193
284 16 817 423 186 497
284 18 1560 417 145 332
284 19 503 440 48 123
284 20 1558 419 84 240
284 21 1080 422 142 387
285 9 1480 421 151 431
285 12 995 408 145 633
285 15 716 453 83 192
285 16 807 425 205 494
285 19 503 440 48 123
285 20 1558 419 84 240
285 21 1080 422 142 387
286 9 1488 428 165 426
286 12 996 407 147 637
286 15 715 451 86 196
286 16 811 424 203 494
286 21 1080 422 142 387
287 9 1488 425 190 429
287 12 999 407 146 633
287 15 718 450 86 197
287 16 812 426 203 492
287 22 1478 427 55 211
287 23 504 438 46 125
288 9 1493 431 214 425
288 12 1000 407 146 633
288 15 720 449 84 198
288 16 816 425 199 494
288 22 1478 427 55 211
288 23 504 438 46 125
289 9 1497 436 234 422
289 12 1002 405 147 635
289 15 725 446 80 202
289 16 828 425 187 493
289 22 1478 427 55 211
289 23 504 438 46 125
290 9 1501 447 237 417
290 12 1005 407 143 633
290 15 732 449 73 199
290 16 832 424 182 497
290 22 1478 427 55 211
290 23 504 438 46 125
290 24 1439 417 120 298
291 9 1498 428 253 440
291 12 1006 406 146 633
291 15 734 445 79 203
291 16 838 425 179 496
291 22 1478 427 55 211
291 23 504 438 46 125
291 24 1439 417 120 298
291 25 1362 437 41 110
292 9 1502 437 247 433
292 12 1006 406 147 632
292 15 739 445 73 204
292 16 837 427 180 494
292 24 1439 417 120 298
292 25 1363 438 40 109
293 9 1501 429 258 448
293 12 1002 407 158 633
293 15 740 444 72 203
293 16 846 423 170 498
293 24 1439 417 120 298
293 25 1363 438 40 109
293 26 1402 429 129 281
294 9 1505 427 256 451
294 12 1003 406 159 634
294 15 746 449 67 197
294 16 843 423 173 497
294 24 1439 417 120 298
294 25 1363 438 40 109
294 26 1401 428 135 281
295 9 1519 429 239 448
295 12 1004 405 158 634
295 15 745 447 73 201
295 16 845 421 172 500
295 25 1363 438 40 109
295 26 1399 427 143 282
296 9 1529 427 229 446
296 12 1005 407 159 633
296 15 753 449 69 198
296 16 847 420 173 502
296 25 1363 438 40 109
296 26 1400 428 145 284
297 9 1532 422 237 455
297 12 1008 405 154 635
297 15 755 447 68 203
297 16 854 418 164 503
297 26 1399 428 140 284
298 9 1544 425 232 449
298 12 1009 405 157 634
298 15 753 449 70 200
298 16 857 420 163 502
298 26 1398 429 125 279
299 9 1571 423 207 455
299 12 1005 403 165 634
299 15 757 449 75 200
299 16 862 419 157 505
299 26 1395 432 108 274
300 9 1582 417 197 458
300 12 1010 402 166 631
300 15 765 448 72 204
300 16 866 418 152 509
300 26 1388 424 99 283
301 9 1615 419 178 458
301 12 1011 402 164 630
301 15 765 453 73 198
301 16 884 420 133 514
301 26 1383 425 82 279
301 27 1578 419 91 341
302 9 1636 413 165 465
302 12 1007 402 170 604
302 15 766 455 78 197
302 16 888 419 128 523
302 26 1371 425 81 280
302 27 1578 419 91 341
303 9 1651 407 162 488
303 12 1012 402 164 620
303 15 770 451 76 200
303 16 890 419 128 523
303 26 1357 424 92 281
303 27 1578 419 91 341
304 9 1660 409 159 494
304 12 1012 402 174 620
304 15 772 451 79 203
304 16 868 418 151 527
304 26 1343 422 102 283
304 27 1578 419 91 341
304 28 0 543 121 316
305 9 1664 415 160 492
305 12 1012 404 180 614
305 15 773 449 78 206
305 16 868 418 151 528
305 26 1343 422 98 281
305 27 1578 419 91 341
305 28 0 543 121 316
305 29 1185 439 38 111
306 9 1668 417 183 490
306 12 1015 403 196 611
306 15 775 449 77 206
306 16 869 417 153 527
306 26 1321 420 121 282
306 28 0 404 121 457
306 29 1187 442 38 108
307 9 1673 424 213 492
307 12 1014 400 207 617
307 15 777 446 78 210
307 16 870 415 148 524
307 26 1310 426 130 277
307 28 0 393 120 471
307 29 1187 442 39 107
307 30 1620 411 109 397
308 9 1673 420 244 499
308 12 1016 400 218 616
308 15 782 445 73 211
308 16 870 415 152 523
308 26 1304 427 134 274
308 28 0 393 119 470
308 29 1187 442 39 107
308 30 1623 408 124 394
309 9 1676 420 241 505
309 12 1016 400 227 614
309 15 787 446 76 209
309 16 871 415 150 524
309 26 1296 430 141 270
309 28 0 395 119 469
309 29 1187 442 39 107
309 30 1629 407 129 410
310 9 1679 419 239 513
310 12 1016 398 235 618
310 15 794 445 72 210
310 16 870 416 151 525
310 26 1286 425 141 274
310 28 0 392 116 471
310 29 1190 439 41 110
310 30 1626 407 135 403
310 31 733 477 49 121
311 9 1676 426 242 515
311 12 1017 402 233 615
311 15 796 445 71 211
311 16 869 418 153 523
311 26 1293 432 122 263
311 28 0 395 116 466
311 29 1190 439 41 110
311 30 1628 406 138 392
311 31 733 474 49 124
312 9 1679 427 240 514
312 12 1020 403 229 614
312 15 799 447 68 207
312 16 868 418 152 524
312 26 1285 430 114 262
312 28 0 395 126 463
312 29 1191 436 42 114
312 30 1642 407 131 410
312 31 733 474 49 124
313 9 1684 424 235 517
313 12 1020 401 230 614
313 15 799 446 76 208
313 16 868 419 155 523
313 26 1275 430 113 262
313 28 0 398 144 459
313 29 1191 438 43 113
313 30 1642 409 146 414
313 31 732 476 51 122
314 9 1692 421 227 522
314 12 1023 403 228 613
314 15 798 447 85 207
314 16 868 417 159 524
314 26 1271 425 93 265
314 28 10 397 151 461
314 29 1192 435 42 116
314 30 1642 409 146 414
314 31 732 476 51 122
315 9 1769 416 150 524
315 12 1028 399 223 615
315 15 802 445 87 211
315 16 865 420 163 527
315 26 1274 425 82 263
315 28 19 399 179 457
315 29 1193 441 41 108
315 30 1642 409 146 414
315 31 732 476 51 122
316 9 1792 416 127 526
316 12 1036 400 215 616
316 15 803 445 85 211
316 16 864 420 163 528
316 26 1272 429 77 262
316 28 25 401 214 454
316 29 1195 442 43 108
316 30 1642 409 146 414
316 31 732 476 51 122
316 32 1425 438 36 109
317 9 1805 418 114 516
317 12 1038 399 213 618
317 15 804 446 77 210
317 16 866 418 161 530
317 26 1263 419 81 268
317 28 24 403 240 452
317 29 1195 442 43 108
317 30 1642 409 146 414
317 31 732 477 52 122
317 32 1427 438 37 109
317 33 1750 413 169 527
317 34 1702 404 131 408
318 9 1789 418 130 517
318 12 1040 402 211 616
318 15 807 446 72 211
318 16 867 419 162 529
318 26 1257 417 83 269
318 28 23 403 269 452
318 29 1195 442 43 108
318 31 732 477 52 122
318 32 1433 435 35 112
318 33 1750 413 169 527
318 34 1707 407 134 422
319 9 1822 420 97 512
319 12 1039 402 211 616
319 15 809 446 77 212
319 16 867 420 162 528
319 26 1249 415 89 273
319 28 23 402 278 452
319 29 1195 442 43 108
319 31 732 477 52 122
319 32 1432 435 39 110
319 33 1750 413 169 527
319 34 1717 404 129 444
320 9 1832 421 87 509
320 12 1042 401 207 617
320 15 813 447 71 210
320 16 866 420 163 527
320 26 1232 426 108 261
320 28 22 401 282 452
320 29 1195 442 43 108
320 31 732 477 52 122
320 32 1435 436 40 111
320 33 1750 413 169 527
320 34 1718 399 134 435
321 9 1845 422 74 511
321 12 1043 403 206 614
321 15 818 449 66 208
321 16 866 420 166 527
321 26 1230 423 109 262
321 28 25 405 289 446
321 31 732 477 52 122
321 32 1436 435 43 111
321 33 1750 413 169 527
321 34 1723 399 143 424
322 9 1855 419 64 523
322 12 1045 399 202 618
322 15 819 448 71 211
322 16 866 420 162 527
322 26 1228 425 110 259
322 28 26 406 293 440
322 32 1436 434 47 112
322 34 1732 402 141 428
323 9 1860 462 59 480
323 12 1047 400 199 616
323 15 820 442 73 216
323 16 866 419 166 527
323 26 1224 436 110 247
323 28 27 404 295 441
323 32 1439 437 50 108
323 34 1739 397 140 445
324 9 1857 404 62 540
324 12 1049 398 198 618
324 15 819 447 80 212
324 16 866 418 168 529
324 26 1220 434 109 248
324 28 36 404 285 435
324 32 1441 439 51 107
324 34 1751 397 142 448
325 9 1857 404 62 540
325 12 1052 400 197 618
325 15 819 447 80 212
325 16 866 420 168 527
325 26 1216 438 110 245
325 28 44 407 279 433
325 32 1443 440 53 105
325 34 1763 400 148 441
326 9 1857 404 62 540
326 12 1054 401 195 617
326 15 825 446 80 220
326 16 868 420 167 527
326 26 1212 457 100 225
326 28 59 405 261 431
326 32 1446 440 51 105
326 34 1767 394 152 528
327 9 1857 404 62 540
327 12 1054 400 195 618
327 15 825 446 80 220
327 16 867 421 169 525
327 26 1212 457 100 225
327 28 81 401 243 435
327 32 1451 442 52 103
327 34 1767 390 152 545
327 35 1208 435 62 188
328 9 1857 404 62 540
328 12 1055 398 192 618
328 15 825 446 80 220
328 16 870 421 168 526
328 26 1212 457 100 225
328 28 106 400 217 433
328 32 1454 442 48 105
328 34 1769 387 150 546
328 35 1208 435 62 188
329 12 1053 398 194 618
329 15 825 446 80 220
329 16 860 420 180 527
329 26 1212 457 100 225
329 28 129 399 191 431
329 32 1458 440 43 104
329 34 1769 390 150 545
329 35 1208 435 62 188
329 36 735 481 44 120
330 12 1056 401 193 616
330 15 825 446 80 220
330 16 860 421 179 525
330 26 1212 457 100 225
330 28 154 402 162 423
330 32 1461 435 38 111
330 34 1769 390 150 532
330 35 1208 435 62 188
330 36 735 481 44 120
331 12 1055 400 195 617
331 16 865 418 176 518
331 28 180 401 143 424
331 32 1464 434 37 113
331 34 1770 393 149 464
331 35 1208 435 62 188
331 36 735 481 44 120
332 12 1055 402 196 615
332 16 869 417 169 521
332 28 206 400 135 424
332 32 1465 433 42 114
332 34 1771 400 148 451
332 36 734 481 46 121
333 12 1055 403 196 614
333 16 872 420 161 515
333 28 217 398 139 427
333 32 1469 432 41 113
333 34 1769 383 150 465
333 36 733 483 49 119
334 12 1056 400 196 620
334 16 872 420 162 525
334 28 222 403 150 421
334 32 1472 431 39 117
334 34 1775 378 144 474
334 36 733 484 49 117
334 37 0 447 133 340
335 12 1056 401 196 616
335 16 872 421 167 524
335 28 224 402 165 422
335 32 1474 429 39 118
335 34 1775 378 144 474
335 36 734 481 47 121
335 37 0 440 141 343
336 12 1055 401 197 615
336 16 872 421 175 523
336 28 232 404 170 419
336 32 1476 431 39 115
336 34 1792 391 127 467
336 36 734 483 45 120
336 37 0 445 148 340
337 12 1058 398 196 620
337 16 874 421 171 523
337 28 233 399 186 424
337 32 1476 435 42 114
337 34 1808 391 111 467
337 36 735 485 43 118
337 37 0 446 149 339
338 12 1057 399 197 620
338 16 876 421 169 522
338 28 229 419 209 403
338 32 1479 432 48 114
338 34 1808 391 111 467
338 36 734 486 44 115
338 37 0 445 149 340
339 12 1059 399 195 619
339 16 876 422 162 521
339 28 229 408 215 415
339 32 1481 436 50 110
339 34 1808 391 111 467
339 36 734 486 44 115
339 37 0 444 149 340
340 12 1058 399 197 617
340 16 880 421 163 512
340 28 228 409 226 413
340 32 1483 437 43 109
340 34 1808 391 111 467
340 36 733 485 45 116
340 37 0 444 149 341
341 12 1061 396 197 622
341 16 880 421 163 523
341 28 238 416 215 406
341 32 1483 437 43 109
341 34 1808 391 111 467
341 36 733 485 45 116
341 37 0 444 151 341
342 12 1065 395 196 623
342 16 884 421 159 514
342 28 239 430 219 391
342 32 1484 431 50 116
342 36 733 485 45 116
342 37 0 442 150 341
343 12 1065 397 194 621
343 16 886 421 153 512
343 28 240 417 217 404
343 32 1484 431 50 116
343 36 733 485 45 116
343 37 1 442 149 352
344 12 1064 398 196 620
344 16 889 422 153 511
344 28 243 414 220 404
344 32 1484 431 50 116
344 36 733 485 45 116
344 37 0 441 149 352
345 12 1064 398 198 620
345 16 890 423 155 510
345 28 250 408 209 408
345 32 1484 431 50 116
345 36 735 482 45 119
345 37 14 438 138 352
346 12 1066 397 198 622
346 16 893 421 154 521
346 28 259 413 200 403
346 32 1484 431 50 116
346 36 735 481 46 121
346 37 40 439 119 343
347 12 1066 397 197 622
347 16 893 421 153 521
347 28 276 424 184 389
347 36 734 484 47 118
347 37 57 438 122 342
348 12 1066 395 199 624
348 16 894 421 155 520
348 28 294 405 164 405
348 36 733 481 49 121
348 37 63 437 121 344
349 12 1065 398 201 622
349 16 894 422 160 519
349 28 304 399 154 405
349 36 733 481 49 121
349 37 73 438 123 342
350 12 1064 397 200 622
350 16 896 422 160 519
350 28 320 400 138 402
350 36 733 481 49 121
350 37 79 434 135 347
351 12 1062 400 202 619
351 16 897 422 159 519
351 28 335 399 126 397
351 36 733 481 49 121
351 37 85 433 149 348
351 38 0 479 45 383
352 12 1063 401 202 618
352 16 898 423 161 517
352 28 357 399 113 394
352 36 733 481 49 121
352 37 79 439 185 341
352 38 0 444 60 416
353 12 1064 398 200 621
353 16 898 422 160 517
353 28 364 399 112 394
353 37 76 445 206 337
353 38 0 445 74 413
354 12 1065 400 201 619
354 16 899 422 157 517
354 28 371 399 118 399
354 37 83 445 206 335
354 38 0 448 87 407
354 39 735 480 47 120
355 12 1065 401 201 618
355 16 898 422 160 516
355 28 366 399 133 400
355 37 84 441 206 339
355 38 0 447 98 402
355 39 735 484 44 118
356 12 1065 400 203 619
356 16 898 422 158 515
356 28 357 398 153 401
356 37 98 438 198 339
356 38 0 442 149 414
356 39 735 484 44 117
357 12 1066 401 205 619
357 16 900 421 151 519
357 28 364 401 165 398
357 37 111 446 185 323
357 38 0 444 182 413
357 39 735 484 44 117
358 12 1066 403 206 616
358 16 904 419 151 522
358 28 365 399 200 398
358 37 123 472 171 295
358 38 0 449 202 410
358 39 735 484 44 117
359 12 1064 401 208 615
359 16 904 420 155 522
359 28 390 402 192 395
359 37 133 440 163 328
359 38 0 449 204 409
359 39 735 484 44 117
360 12 1066 402 208 618
360 16 904 421 159 521
360 28 390 402 193 397
360 37 145 439 150 326
360 38 0 447 205 409
360 39 735 484 44 117
361 12 1064 401 212 616
361 16 901 416 162 523
361 28 392 404 194 394
361 37 151 439 143 325
361 38 0 446 222 409
361 39 736 485 44 116
362 12 1065 401 209 615
362 16 904 417 158 519
362 28 395 404 198 394
362 37 166 438 128 325
362 38 1 448 228 409
362 39 735 483 45 118
363 12 1065 401 209 615
363 16 908 416 156 518
363 28 391 404 201 395
363 37 180 439 112 323
363 38 0 448 231 404
363 39 734 481 45 120
364 12 1071 402 204 612
364 16 911 414 158 521
364 28 393 409 188 389
364 37 198 443 102 319
364 38 1 444 225 405
364 39 734 481 45 120
365 12 1071 402 211 612
365 16 917 413 156 522
365 28 394 409 201 388
365 37 202 446 103 317
365 38 1 440 230 410
365 39 734 480 47 119
366 12 1071 401 213 610
366 16 921 414 158 522
366 28 397 411 195 381
366 37 208 436 102 330
366 38 12 442 222 401
366 39 734 480 47 119
367 12 1071 401 224 609
367 16 924 413 155 523
367 28 398 408 193 385
367 37 213 435 115 328
367 38 36 442 199 393
367 39 734 480 47 119
368 12 1070 400 228 611
368 16 925 411 153 525
368 28 403 402 186 389
368 37 221 435 127 328
368 38 60 444 174 385
368 39 734 480 47 119
369 12 1070 399 233 612
369 16 926 410 154 525
369 28 407 398 183 393
369 37 231 435 144 327
369 38 89 442 156 381
369 39 734 480 47 119
370 12 1070 400 235 612
370 16 930 418 154 517
370 28 418 407 172 384
370 37 237 433 156 329
370 38 117 437 125 382
370 39 732 479 46 118
371 12 1070 400 226 611
371 16 934 418 152 517
371 28 436 410 157 379
371 37 239 440 167 327
371 38 132 436 122 384
371 39 732 479 46 119
372 12 1069 398 233 616
372 16 937 420 153 515
372 28 445 406 151 372
372 37 235 442 176 321
372 38 143 438 124 383
372 39 732 479 46 119
373 12 1070 398 250 616
373 16 938 419 155 516
373 28 460 400 145 375
373 37 258 439 150 316
373 38 147 441 143 381
373 39 732 479 46 119
374 12 1068 398 251 618
374 16 940 417 152 517
374 28 472 401 144 372
374 37 265 449 154 308
374 38 155 442 159 374
374 39 732 479 46 119
375 12 1072 397 235 620
375 16 941 415 150 519
375 28 475 403 150 365
375 37 276 445 142 304
375 38 156 444 185 372
375 39 732 479 46 119
376 12 1072 397 232 621
376 16 943 416 149 518
376 28 475 407 156 359
376 37 280 446 138 302
376 38 156 443 191 374
376 40 0 441 69 372
377 12 1073 396 243 622
377 16 943 418 151 517
377 28 481 403 159 365
377 37 283 461 129 286
377 38 156 442 204 375
377 40 0 428 107 382
378 12 1074 397 242 621
378 16 946 418 151 515
378 28 491 400 164 369
378 37 298 463 117 283
378 38 158 444 207 372
378 40 0 427 139 385
379 12 1072 395 249 622
379 16 948 417 151 518
379 28 503 398 155 374
379 37 306 465 119 285
379 38 156 448 218 370
379 40 0 430 150 378
380 12 1072 395 264 623
380 16 949 418 154 517
380 28 509 396 166 376
380 37 325 462 100 284
380 38 156 441 223 375
380 40 0 432 165 376
381 12 1072 396 240 622
381 16 950 422 158 513
381 28 511 401 164 369
381 37 334 467 89 281
381 38 159 441 221 370
381 40 0 440 174 366
382 12 1073 396 235 622
382 16 951 424 159 511
382 28 526 406 149 362
382 37 336 454 92 292
382 38 176 443 203 365
382 40 0 440 181 367
383 12 1072 397 238 621
383 16 953 420 159 515
383 28 527 406 155 363
383 37 345 458 95 288
383 38 194 445 183 363
383 40 0 439 195 368
384 12 1074 397 248 619
384 16 955 420 157 516
384 28 528 406 158 363
384 37 359 477 92 270
384 38 201 441 179 366
384 40 0 439 202 367
385 12 1075 397 256 619
385 16 962 419 153 517
385 28 532 409 156 363
385 37 362 459 100 284
385 38 214 442 165 358
385 40 1 436 205 370
385 41 732 472 47 129
386 12 1067 396 268 620
386 16 962 419 152 517
386 28 541 411 150 359
386 37 366 445 120 297
386 38 233 439 147 363
386 40 0 437 208 367
386 41 733 471 45 130
387 12 1062 397 276 619
387 16 966 422 149 512
387 28 542 413 151 357
387 37 364 443 144 298
387 38 256 432 125 366
387 40 0 434 211 371
387 41 733 471 45 130
388 12 1027 398 320 616
388 16 969 422 141 511
388 28 545 411 147 354
388 37 364 448 163 295
388 38 278 432 104 366
388 40 12 431 200 373
388 41 732 468 47 136
389 12 1018 397 322 620
389 16 968 419 136 517
389 28 550 413 142 352
389 37 361 446 174 299
389 38 287 436 101 362
389 40 25 429 183 372
389 41 732 472 47 130
390 12 1031 397 307 621
390 16 962 419 140 518
390 28 554 410 140 354
390 37 374 447 166 294
390 38 292 440 99 358
390 40 44 431 163 367
390 41 732 472 45 131
391 12 1056 397 270 622
391 16 959 419 139 518
391 28 559 412 136 348
391 37 385 447 157 294
391 38 303 438 95 360
391 40 48 431 160 365
391 41 731 473 46 133
392 12 1056 397 261 621
392 16 960 420 139 517
392 28 570 403 125 364
392 37 389 444 156 296
392 38 310 439 122 359
392 40 57 431 156 362
392 41 729 472 48 132
393 12 1056 397 258 621
393 16 963 419 136 518
393 28 577 415 116 338
393 37 400 443 146 295
393 38 308 448 144 350
393 40 63 431 156 363
393 41 728 471 49 134
393 42 1671 419 114 216
394 12 1055 397 257 621
394 16 966 420 134 517
394 28 582 408 116 345
394 37 414 447 131 288
394 38 309 444 153 356
394 40 66 431 161 367
394 41 726 471 50 133
394 42 1670 412 114 223
394 43 922 437 56 167
395 12 1051 396 261 622
395 16 973 421 128 515
395 28 588 411 115 337
395 37 424 449 124 286
395 38 309 442 161 360
395 40 71 431 165 365
395 41 724 467 52 138
395 42 1667 405 117 231
395 43 922 440 50 161
396 12 1052 398 254 619
396 16 977 420 124 516
396 28 591 407 113 339
396 37 436 455 113 282
396 38 309 443 168 358
396 40 87 433 165 364
396 41 726 465 51 141
396 42 1667 405 117 231
396 43 919 443 51 167
397 12 1062 396 243 619
397 16 975 420 128 515
397 28 593 420 116 328
397 37 449 452 96 287
397 38 309 446 174 354
397 40 101 434 163 363
397 41 726 465 51 141
397 42 1667 405 117 231
397 43 919 443 51 167
398 12 1065 395 239 622
398 16 975 420 127 514
398 28 595 437 121 312
398 37 453 459 94 279
398 38 309 446 178 352
398 40 110 437 173 359
398 41 726 465 51 141
398 42 1667 405 117 231
398 43 919 443 51 167
399 12 1067 397 241 619
399 16 971 420 131 514
399 28 600 432 130 313
399 37 466 471 82 267
399 38 316 447 169 348
399 40 125 438 158 358
399 41 719 463 55 145
399 42 1667 405 117 231
399 43 912 444 51 161
400 12 1066 396 239 622
400 16 967 421 135 513
400 28 602 405 135 341
400 37 466 438 87 292
400 38 323 439 163 351
400 40 130 440 174 355
400 41 719 463 55 145
400 43 908 439 55 166
401 12 1068 395 236 623
401 16 971 421 131 513
401 28 603 406 155 339
401 37 472 439 88 297
401 38 329 439 158 346
401 40 134 439 189 356
401 41 714 464 56 144
401 43 908 440 55 165
402 12 1071 398 233 617
402 16 956 421 145 512
402 28 613 402 156 341
402 37 474 447 97 288
402 38 342 444 144 347
402 40 140 439 194 355
402 41 713 464 55 144
402 43 908 440 55 165
403 12 1073 397 228 622
403 16 959 422 141 512
403 28 613 403 166 340
403 37 488 443 101 288
403 38 348 445 141 339
403 40 143 442 203 350
403 41 713 467 58 141
403 43 908 440 55 165
404 12 1073 397 229 622
404 16 957 422 143 512
404 28 623 407 164 334
404 37 491 443 122 288
404 38 366 443 124 339
404 40 148 439 197 353
404 41 714 468 55 139
404 43 908 440 55 165
405 12 1072 396 212 621
405 16 956 422 144 512
405 28 629 405 164 336
405 37 493 443 134 287
405 38 380 443 115 332
405 40 153 435 195 354
405 41 718 470 47 137
405 43 908 440 55 165
406 12 1072 395 205 622
406 16 953 420 147 513
406 28 632 412 164 332
406 37 497 447 137 286
406 38 405 442 94 327
406 40 165 437 180 351
406 41 718 470 47 137
407 12 1070 395 198 622
407 16 953 421 147 512
407 28 635 414 161 333
407 37 496 441 142 291
407 38 414 445 89 326
407 40 176 439 163 347
407 41 718 470 47 137
408 12 1068 396 199 621
408 16 956 420 144 513
408 28 642 413 153 334
408 37 495 441 141 289
408 38 419 446 93 327
408 40 187 439 145 343
408 41 718 470 47 137
409 12 1068 398 200 620
409 16 956 420 144 513
409 28 644 414 151 333
409 37 500 471 136 266
409 38 425 448 93 323
409 40 212 444 124 319
409 41 718 470 47 137
409 42 876 446 61 162
410 12 1066 397 197 622
410 16 961 419 140 514
410 28 646 410 149 337
410 37 515 440 122 287
410 38 429 443 100 327
410 40 227 439 117 333
410 42 876 444 59 166
411 12 1065 399 196 619
411 16 959 418 141 515
411 28 644 414 149 332
411 37 525 438 114 284
411 38 435 441 127 331
411 40 249 438 104 331
411 42 875 443 62 167
412 12 1065 400 194 616
412 16 959 418 141 515
412 28 646 407 148 338
412 37 530 437 110 281
412 38 433 443 135 328
412 40 243 435 119 311
412 42 877 442 56 166
413 12 1063 399 196 617
413 16 962 418 139 514
413 28 649 404 146 340
413 37 535 432 110 288
413 38 429 444 153 324
413 40 239 433 134 340
413 42 877 442 56 166
414 12 1062 397 196 621
414 16 962 419 138 514
414 28 653 408 144 334
414 37 547 432 105 291
414 38 431 443 161 324
414 40 273 430 110 340
414 42 877 442 56 166
415 12 1060 401 198 616
415 16 964 419 135 516
415 28 662 413 137 330
415 37 563 435 92 280
415 38 432 432 165 333
415 40 278 432 119 337
415 42 875 439 51 168
416 12 1058 402 198 617
416 16 966 420 131 515
416 28 669 417 131 327
416 37 568 437 87 284
416 38 435 443 159 324
416 40 280 436 130 331
416 42 875 439 51 168
417 12 1055 403 199 616
417 16 966 418 129 516
417 28 677 404 126 330
417 37 567 432 103 285
417 38 437 441 158 325
417 40 269 447 156 317
417 42 868 440 50 165
418 12 1054 406 193 614
418 16 968 418 128 516
418 28 684 406 121 326
418 37 574 433 104 287
418 38 438 442 158 323
418 40 274 442 166 323
418 42 868 440 50 165
419 12 1050 407 197 612
419 16 969 420 125 513
419 28 691 407 119 326
419 37 583 433 98 287
419 38 442 444 155 319
419 40 280 446 171 320
419 42 866 441 44 163
420 12 1055 409 196 610
420 16 969 419 123 513
420 28 694 407 121 326
420 37 587 435 100 285
420 38 450 441 146 323
420 40 284 450 176 318
420 42 866 441 44 163
421 12 1052 408 198 612
421 16 969 417 122 515
421 28 695 412 122 317
421 37 594 438 108 280
421 38 460 440 135 325
421 40 289 451 178 314
421 42 860 439 48 166
422 12 1054 411 195 610
422 16 970 420 123 516
422 28 703 417 121 312
422 37 596 437 122 281
422 38 470 436 125 325
422 40 291 449 187 317
422 42 860 439 48 166
423 12 1046 392 194 627
423 16 969 421 123 515
423 28 708 418 121 312
423 37 604 442 134 276
423 38 481 441 115 316
423 40 299 448 180 315
423 42 850 436 57 165
424 12 1047 392 196 617
424 16 970 451 122 481
424 28 711 416 118 312
424 37 605 444 137 274
424 38 490 436 108 320
424 40 306 442 170 323
424 42 850 439 56 162
425 12 1048 393 192 620
425 16 970 465 121 462
425 28 713 416 121 315
425 37 610 448 133 268
425 38 515 438 88 316
425 40 315 444 167 319
425 42 850 439 56 162
425 43 1148 417 158 586
426 12 1049 393 191 623
426 16 970 456 122 472
426 28 715 415 120 316
426 37 611 449 133 269
426 38 525 436 91 319
426 40 327 446 156 316
426 42 850 439 56 162
426 43 1148 417 158 586
427 12 1050 395 186 621
427 16 972 427 121 504
427 28 719 412 115 318
427 37 612 450 138 267
427 38 531 434 87 324
427 40 338 439 141 316
427 42 850 439 56 162
427 43 1150 409 151 614
428 12 1052 397 183 622
428 16 973 427 121 504
428 28 721 416 122 313
428 37 612 445 136 272
428 38 537 436 87 322
428 40 356 448 123 301
428 42 850 439 56 162
428 43 1150 409 151 614
428 44 1424 330 494 740
429 12 1053 397 178 622
429 16 973 426 121 502
429 28 723 421 125 307
429 37 623 443 114 271
429 38 537 436 92 322
429 40 378 449 105 297
429 43 1153 410 169 646
429 44 1363 323 555 743
430 12 1057 398 175 622
430 16 975 422 123 511
430 28 725 419 125 306
430 37 635 443 102 266
430 38 538 437 117 319
430 40 389 460 95 287
430 43 1153 410 169 646
430 44 1363 323 555 743
430 45 1585 320 333 746
431 12 1061 400 188 657
431 16 977 425 126 505
431 28 721 417 131 310
431 37 638 442 97 266
431 38 541 439 128 316
431 40 396 469 92 278
431 43 1153 410 169 646
431 44 1363 323 555 743
431 45 1538 302 381 768
431 46 1179 416 128 326
432 12 1065 395 176 650
432 16 982 421 120 514
432 28 726 413 128 311
432 37 638 442 97 266
432 38 546 438 132 318
432 40 401 455 92 297
432 43 1153 410 169 646
432 44 1363 323 555 743
432 45 1491 306 428 764
432 46 1183 413 127 355
433 12 1071 399 173 622
433 16 983 415 125 521
433 28 732 416 121 309
433 37 638 442 97 266
433 38 544 437 140 317
433 40 395 449 109 302
433 43 1153 410 169 646
433 44 1418 296 501 771
433 45 1491 306 428 764
433 46 1186 408 137 384
434 12 1071 399 173 622
434 16 987 419 131 502
434 28 738 415 121 312
434 37 638 442 97 266
434 38 544 437 140 317
434 40 396 461 114 289
434 44 1373 302 520 768
434 45 1491 306 428 764
434 46 1189 407 131 336
434 47 1272 423 91 297
435 12 1071 399 173 622
435 16 985 416 137 482
435 28 741 411 110 315
435 37 638 442 97 266
435 38 545 438 140 318
435 40 413 457 103 293
435 44 1361 309 465 690
435 45 1491 306 428 764
435 46 1193 407 131 308
435 47 1275 418 95 308
435 48 1084 395 163 413
436 12 1071 399 173 622
436 16 988 417 141 384
436 28 741 411 111 314
436 38 545 440 145 316
436 40 413 449 115 305
436 44 1250 310 505 759
436 45 1491 306 428 764
436 46 1197 404 130 358
436 47 1275 418 95 308
436 48 1087 394 163 429
437 12 1071 399 173 622
437 16 1002 420 131 401
437 28 740 412 112 313
437 38 547 439 143 317
437 40 415 447 124 304
437 44 1199 318 488 735
437 46 1197 404 130 358
437 47 1275 418 95 308
437 48 1093 397 157 446
438 16 991 421 146 413
438 28 740 412 112 313
438 38 546 440 147 315
438 40 419 443 129 307
438 44 1187 328 422 694
438 46 1197 404 130 358
438 47 1275 418 95 308
438 48 1100 394 166 455
439 16 993 420 150 431
439 28 740 412 112 313
439 38 549 438 146 314
439 40 424 441 132 309
439 44 1159 333 381 696
439 46 1197 404 130 358
439 47 1275 418 95 308
439 48 1100 431 154 376
439 49 710 449 97 261
440 16 995 423 154 447
440 28 740 412 112 313
440 38 555 436 142 314
440 40 423 447 139 298
440 44 1090 359 387 674
440 46 1197 404 130 358
440 48 1100 431 154 376
440 49 708 445 110 265
440 50 774 418 90 294
440 51 1107 471 105 290
441 16 995 423 154 447
441 28 740 412 112 313
441 38 561 440 140 312
441 40 433 434 131 313
441 44 1049 362 362 658
441 48 1100 431 154 376
441 49 710 451 97 257
441 50 774 425 89 287
441 51 1107 471 105 290
441 52 1314 426 134 329
442 16 995 423 154 447
442 38 565 441 135 311
442 40 445 435 123 313
442 44 1002 362 348 661
442 48 1100 431 154 376
442 49 710 452 109 258
442 50 774 417 92 295
442 51 1107 471 105 290
442 52 1299 428 154 330
443 16 995 423 154 447
443 38 574 437 127 314
443 40 452 437 117 308
443 44 977 363 333 662
443 48 1100 431 154 376
443 49 710 445 105 264
443 50 782 423 83 283
443 51 1107 471 105 290
443 52 1309 432 141 327
443 53 1235 438 113 355
444 16 995 423 154 447
444 38 582 437 118 308
444 40 461 437 109 304
444 44 934 362 340 649
444 49 710 442 128 269
444 50 782 423 83 283
444 51 1107 471 105 290
444 52 1315 430 139 332
444 53 1238 433 110 324
445 38 590 436 111 308
445 40 463 437 116 298
445 44 881 351 334 648
445 49 711 442 112 266
445 50 782 423 83 283
445 52 1327 428 129 334
445 53 1238 433 110 324
446 38 611 442 91 297
446 40 472 438 106 290
446 44 860 340 313 654
446 49 712 439 135 271
446 50 782 423 83 283
446 52 1334 428 121 333
446 53 1238 433 110 324
446 54 1130 408 207 657
446 55 320 509 72 133
447 38 624 441 83 299
447 40 476 438 107 286
447 44 825 320 312 663
447 49 718 431 145 275
447 50 782 423 83 283
447 52 1338 426 115 336
447 53 1238 433 110 324
447 54 1137 408 205 663
447 55 305 508 84 134
448 38 634 436 82 306
448 40 489 438 95 281
448 44 825 320 312 663
448 49 718 431 145 275
448 52 1344 425 116 339
448 53 1238 433 110 324
448 54 1142 408 206 664
448 55 305 507 79 144
448 56 1055 421 130 532
449 38 638 435 83 306
449 40 484 436 107 283
449 44 825 320 312 663
449 49 718 431 145 275
449 52 1349 425 117 337
449 54 1145 405 209 661
449 55 305 507 79 144
449 56 1037 423 147 535
449 57 738 332 329 646
450 38 642 436 78 299
450 40 490 436 108 289
450 44 825 320 312 663
450 49 718 431 145 275
450 52 1348 424 129 336
450 54 1147 404 211 665
450 55 305 507 79 144
450 56 1037 421 152 528
450 57 718 335 317 639
451 38 645 435 83 300
451 40 500 442 115 283
451 44 825 320 312 663
451 49 718 431 145 275
451 52 1341 421 137 342
451 54 1136 402 261 660
451 55 305 507 79 144
451 56 1037 420 159 531
451 57 701 345 305 642
452 38 645 435 83 300
452 40 497 441 118 282
452 52 1359 416 127 347
452 54 1092 404 331 676
452 55 305 507 79 144
452 56 1039 419 162 533
452 57 664 354 307 642
453 38 645 435 83 300
453 40 500 441 133 279
453 52 1365 415 124 345
453 54 1153 411 291 661
453 56 1042 421 160 529
453 57 612 362 322 630
454 38 645 435 83 300
454 40 503 437 109 283
454 52 1373 417 124 349
454 54 1150 411 302 665
454 56 1050 418 154 535
454 57 612 362 322 630
454 58 254 513 86 133
455 38 645 435 83 300
455 40 508 455 89 254
455 52 1375 418 125 351
455 54 1149 410 298 668
455 56 1049 419 166 538
455 57 612 362 322 630
455 58 242 518 94 129
455 59 817 416 83 290
456 40 508 455 89 254
456 52 1379 420 127 354
456 54 1149 414 311 660
456 56 1055 421 166 541
456 57 612 362 322 630
456 58 242 518 94 129
456 59 809 411 93 298
456 60 457 393 381 626
457 40 508 455 89 254
457 52 1383 422 132 356
457 54 1150 407 277 667
457 56 1061 423 160 537
457 57 612 362 322 630
457 58 234 513 88 133
457 59 809 413 89 292
457 60 410 394 390 655
458 40 508 455 89 254
458 52 1388 424 137 359
458 54 1151 407 299 665
458 56 1068 425 159 532
458 58 234 513 88 133
458 59 822 411 82 294
458 60 429 388 326 682
458 61 665 442 128 290
459 40 508 455 89 254
459 52 1392 426 150 359
459 54 1154 408 313 663
459 56 1080 422 155 538
459 58 234 513 88 133
459 59 825 414 82 288
459 60 352 385 386 684
459 61 667 441 126 291
460 52 1396 426 165 362
460 54 1155 412 310 659
460 56 1099 416 138 550
460 58 234 513 88 133
460 59 816 412 99 290
460 60 326 380 387 677
460 61 667 436 127 299
460 62 203 515 94 134
461 52 1399 428 168 366
461 54 1158 411 309 660
461 56 1106 417 138 550
461 58 234 513 88 133
461 59 804 411 115 292
461 60 286 373 332 695
461 61 663 433 133 303
461 62 203 515 94 134
462 52 1405 427 166 371
462 54 1162 407 305 663
462 56 1100 421 155 552
462 59 803 412 116 293
462 60 263 365 354 701
462 61 670 437 127 301
462 62 203 515 94 134
463 52 1410 427 168 374
463 54 1165 405 302 667
463 56 1113 416 148 554
463 59 809 409 111 294
463 60 259 361 359 703
463 61 678 438 118 296
463 62 203 515 94 134
463 63 569 435 92 265
464 52 1420 423 158 377
464 54 1173 405 294 667
464 56 1109 414 157 556
464 59 807 409 112 295
464 60 212 358 388 713
464 61 684 436 111 294
464 62 203 515 94 134
464 63 570 434 93 268
465 52 1428 423 150 378
465 54 1189 400 274 669
465 56 1116 417 166 550
465 59 822 411 97 292
465 60 164 362 410 706
465 61 692 435 108 295
465 63 568 432 98 273
466 52 1437 421 141 380
466 54 1202 401 264 667
466 56 1119 421 165 550
466 59 824 409 97 296
466 60 151 367 400 700
466 61 712 436 98 296
466 63 564 431 105 275
467 52 1449 418 132 384
467 54 1220 399 254 665
467 56 1116 423 163 547
467 59 825 409 95 295
467 60 124 370 390 697
467 61 695 436 118 296
467 63 579 429 90 276
468 52 1460 415 127 385
468 54 1244 400 244 669
468 56 1121 422 160 547
468 59 828 409 93 296
468 60 97 373 369 697
468 61 706 435 111 295
468 63 583 433 88 268
468 64 501 456 74 188
469 52 1472 412 123 390
469 54 1260 403 245 669
469 56 1125 422 157 555
469 59 831 412 90 291
469 60 65 387 334 683
469 61 730 435 92 296
469 63 581 434 92 267
469 64 501 456 74 188
470 52 1481 410 121 390
470 54 1282 402 228 670
470 56 1127 419 166 587
470 59 831 412 90 292
470 60 23 391 354 677
470 61 737 434 96 295
470 63 582 432 94 270
470 64 501 456 74 188
471 52 1487 409 120 388
471 54 1303 406 218 665
471 56 1133 418 173 591
471 59 832 410 91 293
471 60 12 397 403 672
471 61 739 433 108 299
471 63 583 437 98 270
471 64 501 456 74 188
472 52 1493 409 122 390
472 54 1311 405 217 666
472 56 1138 418 161 592
472 59 833 410 89 294
472 60 0 401 397 669
472 61 741 434 111 295
472 63 586 441 96 264
472 64 501 456 74 188
473 52 1497 410 123 383
473 54 1318 401 217 672
473 56 1140 416 164 591
473 59 834 408 96 298
473 60 0 403 303 665
473 61 737 435 116 295
473 63 596 438 91 266
474 52 1499 411 133 384
474 54 1327 400 216 673
474 56 1144 417 163 590
474 59 834 407 88 296
474 60 0 398 343 672
474 61 737 437 117 292
474 63 609 437 80 267
474 64 452 472 83 179
475 52 1505 413 137 390
475 54 1329 400 219 674
475 56 1148 417 162 591
475 59 837 406 87 296
475 60 0 394 326 674
475 61 735 436 118 294
475 63 607 439 85 267
475 64 452 472 80 180
476 52 1509 413 162 393
476 54 1336 398 215 677
476 56 1152 415 166 594
476 59 836 408 86 294
476 60 0 389 316 679
476 61 742 437 113 292
476 63 602 442 96 263
476 64 434 472 91 182
477 52 1515 408 173 401
477 54 1338 397 215 678
477 56 1156 418 165 591
477 59 838 410 82 291
477 60 0 384 305 683
477 61 744 436 111 294
477 63 612 443 92 258
477 64 431 475 87 177
478 52 1524 414 185 398
478 54 1340 395 218 677
478 56 1161 417 166 592
478 59 836 408 84 293
478 60 0 381 278 686
478 61 743 438 112 295
478 63 616 442 89 247
478 64 426 474 85 180
479 52 1529 414 199 404
479 54 1346 395 219 679
479 56 1165 418 168 592
479 59 841 416 77 285
479 60 0 380 255 687
479 61 754 440 106 292
479 63 611 446 101 252
479 64 424 474 78 177
479 65 899 437 100 248
479 66 1091 425 60 170
480 52 1535 415 201 407
480 54 1352 397 228 677
480 56 1168 416 167 594
480 59 842 409 81 294
480 60 0 382 236 686
480 61 759 438 101 291
480 63 610 437 108 254
480 64 424 474 78 177
480 65 902 436 100 250
480 66 1090 430 61 162
481 52 1540 417 202 408
481 54 1353 396 241 677
481 56 1172 414 166 596
481 59 849 423 82 283
481 60 0 388 219 680
481 61 774 437 93 289
481 63 622 438 96 262
481 64 411 474 79 182
481 65 901 439 102 246
481 66 1092 435 58 159
482 52 1547 422 198 405
482 54 1355 394 257 678
482 56 1176 411 165 600
482 59 849 422 81 283
482 60 0 428 195 641
482 61 786 435 85 290
482 63 627 435 91 267
482 64 411 474 79 182
482 65 905 447 99 235
482 66 1092 435 58 159
483 52 1555 422 184 406
483 54 1354 395 266 676
483 56 1178 414 167 598
483 59 852 424 75 281
483 60 0 486 182 580
483 61 794 433 76 293
483 63 627 433 98 265
483 64 411 474 79 182
483 65 908 446 98 239
483 66 1092 435 58 159
483 67 1333 415 92 535
484 52 1565 420 188 415
484 54 1356 399 275 670
484 56 1184 416 166 593
484 59 859 426 62 255
484 60 0 553 151 515
484 61 801 435 75 290
484 63 636 434 95 263
484 64 411 474 79 182
484 65 905 452 97 231
484 66 1092 435 58 159
484 67 1335 425 92 522
485 52 1578 419 175 416
485 54 1356 401 281 667
485 56 1191 422 161 587
485 59 859 421 60 264
485 60 0 551 111 516
485 61 801 438 81 286
485 63 635 432 106 269
485 64 411 474 79 182
485 65 901 450 105 231
485 66 1092 435 58 159
485 67 1340 440 95 508
486 52 1585 417 168 419
486 54 1356 396 286 678
486 56 1196 422 163 586
486 59 865 429 56 231
486 60 0 551 111 516
486 61 801 438 97 285
486 63 634 431 111 268
486 65 903 443 101 238
486 67 1345 441 96 511
486 68 325 473 130 198
487 52 1594 418 162 417
487 54 1367 398 283 675
487 56 1201 421 174 590
487 59 865 429 56 231
487 60 0 551 111 516
487 61 801 434 110 290
487 63 639 429 119 270
487 65 920 444 85 235
487 67 1348 437 98 523
487 68 328 475 122 202
488 52 1598 414 162 425
488 54 1385 402 270 669
488 56 1202 426 182 582
488 59 865 429 56 231
488 60 0 551 111 516
488 61 802 434 124 292
488 63 642 429 119 267
488 65 922 439 86 239
488 67 1352 436 99 521
488 68 328 475 122 202
489 52 1606 417 156 423
489 54 1417 396 253 675
489 56 1204 422 182 587
489 59 865 429 56 231
489 60 0 551 111 516
489 61 803 436 132 290
489 63 642 435 121 264
489 65 925 439 81 243
489 67 1354 432 106 486
489 68 317 489 121 193
489 69 0 531 60 155
490 52 1611 409 163 433
490 54 1425 397 260 671
490 56 1209 420 182 591
490 59 865 429 56 231
490 61 801 438 137 287
490 63 644 435 122 266
490 65 933 436 78 246
490 67 1354 426 106 518
490 68 317 489 121 193
490 69 0 531 60 155
491 52 1618 406 164 439
491 54 1367 394 312 675
491 56 1209 418 187 592
491 61 801 420 142 307
491 63 648 437 114 260
491 65 938 436 82 244
491 67 1363 419 113 517
491 68 317 489 121 193
491 69 0 531 60 155
492 52 1630 408 145 439
492 54 1362 388 304 675
492 56 1208 419 191 590
492 61 801 410 146 316
492 63 649 436 118 265
492 65 940 434 94 248
492 67 1360 416 129 549
492 68 315 485 98 204
492 69 0 531 60 155
492 70 728 448 43 127
493 52 1632 405 153 438
493 54 1368 388 303 672
493 56 1208 423 196 584
493 61 805 424 144 299
493 63 652 442 112 257
493 65 943 436 92 247
493 67 1365 416 128 504
493 68 315 485 98 204
493 69 0 531 60 155
493 70 730 448 38 127
494 52 1633 405 150 459
494 54 1373 385 321 678
494 56 1209 426 202 582
494 61 808 433 142 292
494 63 654 445 110 254
494 65 950 437 99 244
494 67 1375 413 131 587
494 68 315 485 98 204
494 70 730 448 38 127
495 52 1634 404 159 440
495 54 1380 384 304 675
495 56 1210 424 207 583
495 61 816 437 135 289
495 63 655 442 112 257
495 65 957 440 95 240
495 67 1375 411 135 540
495 68 287 478 107 214
495 70 730 448 38 127
496 52 1638 403 181 397
496 54 1390 385 281 673
496 56 1210 423 211 583
496 61 819 441 131 286
496 63 661 436 105 264
496 65 958 437 106 244
496 67 1381 410 134 556
496 68 287 478 107 214
496 70 730 448 38 127
496 71 573 452 27 81
497 52 1644 405 173 463
497 54 1415 379 303 692
497 56 1213 420 215 590
497 61 833 444 119 285
497 63 667 431 100 271
497 65 963 438 111 244
497 67 1389 413 133 547
497 68 287 478 107 214
497 70 730 448 38 127
497 71 573 452 27 81
498 52 1652 404 174 465
498 54 1432 378 257 694
498 56 1218 423 212 588
498 61 842 442 107 287
498 63 673 429 94 273
498 65 964 440 118 241
498 67 1391 413 137 552
498 68 287 478 107 214
498 71 573 452 27 81
498 72 252 480 107 222
499 52 1657 408 212 479
499 54 1444 379 262 696
499 56 1224 420 210 591
499 61 856 443 99 283
499 63 681 432 88 270
499 65 963 439 123 244
499 67 1397 410 141 557
499 68 287 478 107 214
499 71 573 452 27 81
499 72 236 481 108 214
500 52 1667 416 205 466
500 54 1452 378 253 697
500 56 1235 421 205 589
500 61 857 433 99 294
500 63 686 432 85 269
500 65 964 436 123 248
500 67 1399 411 143 533
500 71 573 452 27 81
500 72 234 479 105 221
501 52 1676 415 225 476
501 54 1472 375 245 699
501 56 1248 418 199 596
501 61 859 426 104 300
501 63 696 432 77 267
501 65 969 458 118 223
501 67 1397 418 148 533
501 72 227 480 94 224
502 52 1682 413 221 479
502 54 1496 375 237 699
502 56 1259 417 192 598
502 61 862 426 106 299
502 63 683 434 92 262
502 65 973 453 113 229
502 67 1393 418 163 535
502 72 213 485 116 223
503 52 1692 415 222 479
503 54 1511 374 226 696
503 56 1274 416 177 600
503 61 876 431 98 293
503 63 689 437 88 263
503 65 983 449 103 234
503 67 1400 418 166 540
503 72 213 485 116 223
504 52 1704 413 216 493
504 54 1514 375 233 694
504 56 1292 413 164 605
504 61 877 425 106 299
504 63 701 432 80 269
504 65 986 446 97 235
504 67 1408 414 158 547
504 72 213 485 116 223
504 73 186 483 103 225
505 52 1715 408 205 502
505 54 1518 376 229 696
505 56 1308 413 157 612
505 61 884 437 114 290
505 63 693 432 91 269
505 65 1000 445 85 233
505 67 1418 412 151 566
505 72 213 485 116 223
505 73 177 485 109 226
506 52 1723 404 197 505
506 54 1519 375 231 694
506 56 1308 412 163 626
506 61 895 442 116 282
506 63 697 433 91 266
506 65 1000 445 85 233
506 67 1436 420 134 546
506 72 213 485 116 223
506 73 157 486 131 223
506 74 869 405 59 292
507 52 1734 396 184 515
507 54 1524 379 226 692
507 56 1313 412 168 634
507 61 895 443 127 280
507 63 704 435 86 266
507 65 1018 465 78 213
507 67 1450 424 121 548
507 73 146 485 119 226
507 74 870 410 65 285
508 52 1743 394 177 516
508 54 1524 376 240 696
508 56 1322 412 179 635
508 61 897 446 135 279
508 63 707 445 99 252
508 65 1024 452 75 226
508 67 1457 411 120 545
508 73 140 486 117 231
508 74 870 424 66 274
509 52 1753 396 167 493
509 54 1531 378 252 695
509 56 1319 411 208 645
509 61 899 441 143 285
509 63 712 445 98 252
509 65 1024 452 75 226
509 67 1460 413 125 572
509 73 123 488 117 222
509 74 870 430 66 267
510 52 1767 395 152 487
510 54 1539 377 257 697
510 56 1318 412 226 648
510 61 900 441 141 285
510 63 708 444 122 251
510 65 1034 467 74 206
510 67 1466 420 124 555
510 73 104 484 126 223
510 74 870 424 69 274
511 52 1778 394 141 479
511 54 1543 376 307 699
511 56 1316 416 242 644
511 61 900 443 152 281
511 63 706 439 124 256
511 65 1030 460 86 217
511 67 1471 417 123 542
511 73 104 484 126 223
511 74 870 424 69 274
512 52 1787 393 132 489
512 54 1546 375 281 698
512 56 1315 419 246 645
512 61 900 444 153 281
512 63 712 439 120 256
512 65 1032 455 91 223
512 67 1472 419 122 540
512 73 79 483 124 248
512 74 871 427 74 270
513 52 1801 391 118 489
513 54 1551 374 286 699
513 56 1315 419 248 650
513 61 900 448 153 278
513 63 718 439 116 259
513 65 1041 447 92 230
513 67 1480 419 121 550
513 73 62 479 133 247
513 74 871 427 74 270
514 52 1811 388 108 498
514 54 1557 377 255 697
514 56 1318 416 247 649
514 61 899 451 158 275
514 63 726 441 108 254
514 65 1043 452 93 224
514 67 1482 424 123 530
514 73 49 479 137 244
514 74 873 417 88 282
515 52 1817 386 102 490
515 54 1560 374 264 701
515 56 1320 417 245 647
515 61 902 440 157 287
515 63 726 440 107 255
515 65 1044 452 96 224
515 67 1487 425 121 522
515 73 35 484 152 251
515 74 877 412 89 289
516 52 1826 391 93 507
516 54 1566 379 285 696
516 56 1322 417 247 647
516 61 907 444 152 281
516 63 729 436 106 257
516 65 1046 449 82 231
516 67 1493 432 124 515
516 73 23 482 139 259
516 74 877 412 89 292
517 52 1836 391 83 505
517 54 1574 379 251 695
517 56 1327 417 246 648
517 61 913 444 147 280
517 63 737 435 97 257
517 65 1047 454 97 221
517 67 1501 421 129 521
517 73 10 482 143 260
517 74 878 414 90 291
518 52 1842 401 77 475
518 54 1582 383 233 692
518 56 1328 417 248 649
518 61 914 442 145 282
518 63 743 434 95 257
518 65 1046 447 100 227
518 67 1507 421 127 516
518 73 2 486 142 258
518 74 874 414 94 291
519 52 1851 398 68 474
519 54 1583 382 326 691
519 56 1331 415 245 650
519 61 934 442 127 282
519 63 746 433 94 259
519 65 1046 447 100 227
519 67 1507 421 127 516
519 73 2 498 137 251
519 74 879 411 85 293
519 75 679 452 47 122
520 52 1863 411 56 468
520 54 1592 383 230 693
520 56 1333 412 245 655
520 61 931 440 134 284
520 63 754 434 88 256
520 65 1050 443 102 232
520 67 1522 430 126 519
520 73 0 478 145 277
520 74 880 409 86 292
520 75 679 450 46 124
521 52 1863 411 56 468
521 54 1589 383 266 692
521 56 1336 411 245 657
521 61 934 439 133 285
521 63 758 437 85 249
521 65 1051 440 102 235
521 67 1526 425 129 533
521 73 0 481 120 266
521 74 880 407 87 293
521 75 675 452 49 122
522 52 1863 411 56 468
522 54 1596 381 267 694
522 56 1341 412 252 656
522 61 954 435 116 289
522 63 762 436 84 246
522 65 1053 440 102 236
522 67 1533 420 146 533
522 73 0 479 94 277
522 74 881 405 85 298
522 75 673 450 50 124
523 52 1863 411 56 468
523 54 1618 376 292 697
523 56 1352 413 239 657
523 61 961 438 107 285
523 63 761 433 90 252
523 65 1055 450 100 225
523 67 1541 422 148 536
523 73 0 491 99 270
523 74 887 406 81 296
523 75 673 451 50 124
524 52 1863 411 56 468
524 54 1588 373 328 702
524 56 1363 410 232 657
524 61 970 436 105 285
524 63 759 432 97 256
524 65 1057 445 100 230
524 67 1541 427 153 554
524 73 0 491 99 270
524 74 883 404 89 300
524 75 674 451 46 125
525 54 1615 375 303 697
525 56 1385 408 215 658
525 61 978 446 94 275
525 63 770 431 91 260
525 65 1058 443 98 235
525 67 1544 421 151 583
525 73 0 491 99 270
525 74 896 406 81 300
525 75 670 456 48 118
526 54 1607 369 311 703
526 56 1418 410 188 653
526 61 994 442 88 282
526 63 769 433 98 254
526 65 1064 445 98 232
526 67 1544 419 161 597
526 73 0 491 99 270
526 74 903 405 76 299
526 75 668 455 50 119
526 76 715 447 36 98
527 54 1603 374 315 698
527 56 1430 412 187 653
527 61 998 438 93 286
527 63 776 436 100 252
527 65 1067 450 105 226
527 67 1555 418 157 597
527 73 0 491 99 270
527 74 904 407 81 297
527 75 668 457 51 117
527 76 715 449 36 93
528 54 1600 382 318 689
528 56 1437 409 177 656
528 61 1001 443 85 281
528 63 781 438 102 245
528 65 1077 448 98 227
528 67 1554 417 166 590
528 74 904 413 82 291
528 75 668 454 49 119
528 76 715 449 36 93
529 54 1606 376 313 693
529 56 1441 410 182 653
529 61 1004 440 86 282
529 63 787 436 108 246
529 65 1089 447 91 228
529 67 1571 418 174 584
529 74 913 412 74 292
529 75 669 456 50 118
529 76 715 449 36 93
529 77 1691 380 227 600
530 54 1610 379 309 689
530 56 1444 409 184 658
530 61 1006 435 95 288
530 63 796 436 113 247
530 65 1100 453 81 223
530 67 1586 413 170 588
530 74 913 414 78 293
530 75 669 456 50 118
530 76 715 449 36 93
530 77 1699 375 220 649
531 54 1622 376 297 694
531 56 1451 410 189 658
531 61 1006 442 99 282
531 63 789 436 120 247
531 65 1099 444 83 233
531 67 1587 425 148 590
531 74 915 413 76 293
531 75 666 459 41 112
531 76 715 449 36 93
531 77 1699 375 220 649
532 54 1635 365 283 709
532 56 1451 410 203 657
532 61 1008 445 102 278
532 63 789 437 129 248
532 65 1101 451 76 229
532 67 1591 415 164 604
532 74 916 428 79 278
532 75 662 453 42 118
532 77 1699 375 220 649
533 54 1660 366 259 703
533 56 1453 412 205 655
533 61 1006 446 111 276
533 63 793 442 118 241
533 65 1094 439 72 236
533 67 1597 413 158 605
533 74 920 417 79 288
533 75 661 456 40 115
533 77 1699 375 220 649
534 54 1681 364 238 705
534 56 1454 414 206 656
534 61 1009 444 122 278
534 63 796 439 120 245
534 65 1098 441 77 239
534 67 1601 421 158 603
534 74 921 413 82 290
534 75 661 454 40 117
534 77 1699 375 220 649
535 54 1681 364 238 705
535 56 1455 413 213 657
535 61 1008 441 125 281
535 63 798 438 122 247
535 65 1099 437 79 241
535 67 1600 413 181 630
535 74 922 416 89 290
535 75 660 452 41 118
535 77 1705 381 214 694
536 54 1681 364 238 705
536 56 1454 413 224 656
536 61 1007 441 129 281
536 63 800 438 120 244
536 65 1101 437 86 242
536 67 1600 413 181 630
536 74 923 422 92 284
536 75 660 452 41 118
536 77 1742 378 177 697
537 54 1681 364 238 705
537 56 1454 412 242 656
537 61 1006 440 132 282
537 63 803 440 116 245
537 65 1102 437 78 238
537 67 1614 415 169 620
537 74 921 419 97 287
537 75 659 455 38 113
537 77 1755 380 164 694
538 54 1681 364 238 705
538 56 1455 411 231 657
538 61 1008 442 132 280
538 63 804 437 117 247
538 65 1108 437 75 236
538 67 1626 423 160 607
538 74 921 405 102 300
538 75 658 456 38 111
538 77 1764 375 155 700
539 56 1458 410 230 658
539 61 1010 441 128 280
539 63 808 435 114 249
539 65 1113 440 68 233
539 67 1632 419 159 612
539 74 920 410 104 295
539 75 656 456 39 112
539 77 1777 383 142 692
540 56 1461 409 248 660
540 61 1020 435 125 288
540 63 811 436 112 247
540 65 1113 440 68 233
540 67 1639 418 152 600
540 74 920 412 117 295
540 75 655 455 38 113
540 77 1781 381 138 694
541 56 1467 409 255 658
541 61 1032 435 128 290
541 63 814 436 110 247
541 65 1113 440 68 233
541 67 1639 417 168 595
541 74 919 413 126 292
541 75 654 454 40 115
541 77 1788 383 131 692
542 56 1471 406 258 662
542 61 1040 433 124 291
542 63 822 429 104 248
542 65 1113 440 68 233
542 67 1643 398 181 649
542 74 918 415 127 290
542 75 655 455 39 114
542 77 1801 386 118 684
543 56 1489 406 242 659
543 61 1049 432 120 291
543 63 829 432 100 245
543 65 1113 440 68 233
543 67 1643 398 181 649
543 74 922 412 123 292
543 75 654 455 40 115
543 77 1812 402 107 669
544 56 1507 407 227 662
544 61 1054 432 112 291
544 63 838 431 94 246
544 67 1651 403 187 640
544 74 925 436 119 267
544 75 654 454 39 114
544 77 1818 394 101 672
545 56 1527 406 207 660
545 61 1069 436 93 285
545 63 847 433 91 244
545 67 1657 411 185 617
545 74 925 436 125 269
545 75 654 452 41 114
545 77 1828 435 91 639
546 56 1535 406 204 659
546 61 1079 433 91 285
546 63 858 436 83 242
546 67 1663 412 186 613
546 74 933 425 119 279
546 75 653 452 41 113
546 77 1820 410 99 661
546 78 1844 462 75 612
546 79 543 448 30 88
547 56 1544 405 192 664
547 61 1086 432 91 290
547 63 859 436 90 239
547 67 1672 410 183 621
547 74 943 415 113 290
547 75 654 452 39 112
547 77 1825 451 94 620
547 78 1844 462 75 612
547 79 543 447 31 89
548 56 1547 407 195 657
548 61 1086 434 101 285
548 63 866 436 79 237
548 67 1689 411 177 621
548 74 943 418 113 288
548 75 653 454 37 111
548 77 1825 451 94 620
548 78 1844 462 75 612
548 79 543 443 33 93
549 56 1550 406 190 652
549 61 1084 432 105 288
549 63 872 432 81 244
549 67 1689 411 177 621
549 74 949 412 110 292
549 75 651 454 38 110
549 77 1825 451 94 620
549 78 1844 462 75 612
549 79 544 443 33 93
549 80 712 452 33 92
550 56 1554 403 196 654
550 61 1088 433 101 288
550 63 877 437 76 240
550 67 1689 408 190 623
550 74 957 412 106 293
550 75 650 454 39 110
550 77 1825 451 94 620
550 78 1844 462 75 612
550 79 544 442 33 94
550 80 712 451 34 93
551 56 1556 402 204 660
551 61 1081 434 107 289
551 63 879 435 77 243
551 67 1696 402 190 630
551 74 962 410 101 292
551 75 650 455 39 110
551 77 1825 451 94 620
551 79 544 440 34 97
551 80 713 450 34 95
551 81 579 453 34 85
552 56 1558 400 215 668
552 61 1078 434 118 289
552 63 878 433 83 246
552 67 1690 405 201 642
552 74 970 410 92 287
552 75 649 453 37 113
552 79 545 441 34 95
552 80 714 451 35 92
552 81 580 453 33 85
553 56 1557 406 217 663
553 61 1087 434 117 287
553 63 885 432 81 247
553 67 1703 406 206 641
553 74 972 412 94 284
553 75 649 453 38 113
553 79 545 443 34 94
553 80 714 450 35 94
553 81 581 453 32 85
554 56 1563 405 217 658
554 61 1084 435 120 286
554 63 891 430 87 250
554 67 1714 406 201 652
554 74 973 411 96 288
554 75 645 453 42 113
554 79 544 442 35 95
554 80 714 451 34 93
554 81 580 452 33 86
555 56 1558 405 231 660
555 61 1084 435 122 287
555 63 890 432 87 248
555 67 1714 406 201 652
555 74 995 410 80 287
555 75 645 453 42 113
555 79 544 442 35 95
555 80 713 450 34 95
555 81 580 452 33 86
556 56 1560 407 238 653
556 61 1090 435 117 288
556 63 891 435 85 246
556 67 1714 406 201 652
556 74 987 412 91 287
556 75 645 453 42 113
556 79 544 444 34 93
556 80 712 448 37 98
556 81 580 451 33 87
557 56 1558 403 251 663
557 61 1090 433 118 290
557 63 893 435 89 243
557 67 1714 406 201 652
557 74 992 416 90 281
557 75 645 453 42 113
557 79 544 444 34 94
557 80 712 445 36 101
557 81 580 452 33 87
558 56 1557 405 256 657
558 61 1089 435 121 290
558 63 895 435 85 245
558 67 1714 406 201 652
558 74 996 412 94 287
558 75 645 453 42 113
558 79 543 444 35 94
558 80 713 445 37 101
558 81 579 452 34 86
559 56 1557 402 278 668
559 61 1095 436 118 284
559 63 894 433 89 248
559 74 998 419 96 277
559 79 544 445 34 93
559 80 712 445 36 100
559 81 580 452 33 86
560 56 1562 402 281 664
560 61 1100 434 116 283
560 63 891 433 95 249
560 74 990 413 118 284
560 79 544 447 34 92
560 80 713 446 35 99
560 81 579 452 34 86
560 82 641 464 38 98
561 56 1566 400 296 669
561 61 1104 437 114 278
561 63 897 434 92 246
561 74 993 418 124 279
561 79 545 448 33 91
561 80 714 446 37 100
561 81 579 452 34 86
561 82 641 464 38 98
562 56 1571 400 332 672
562 61 1114 437 106 281
562 63 912 437 83 242
562 74 1000 425 118 274
562 79 544 447 34 92
562 80 716 447 36 98
562 81 579 452 34 87
562 82 641 464 37 97
563 56 1576 401 338 673
563 61 1114 435 117 279
563 63 913 435 82 247
563 74 999 433 119 264
563 79 545 447 34 92
563 80 716 445 37 101
563 81 579 452 34 87
563 82 642 467 36 93
564 56 1583 400 330 674
564 61 1115 434 116 279
564 63 920 433 79 244
564 74 999 428 123 269
564 79 545 445 35 94
564 80 717 447 37 99
564 81 579 452 34 87
564 82 643 466 35 94
565 56 1590 398 321 677
565 61 1122 435 114 277
565 63 925 433 77 243
565 74 999 430 127 267
565 79 546 445 33 93
565 80 717 447 37 99
565 81 581 456 32 83
565 82 642 463 36 97
566 56 1609 399 288 674
566 61 1129 439 110 278
566 63 932 433 83 243
566 74 1003 425 125 272
566 79 545 444 34 95
566 80 717 447 37 99
566 81 581 456 32 83
566 82 642 464 36 96
566 83 1790 421 129 590
567 56 1629 399 257 673
567 61 1134 436 105 281
567 63 927 433 92 243
567 74 1005 422 124 275
567 79 545 442 35 97
567 80 718 445 37 101
567 81 581 456 32 83
567 82 642 458 35 101
567 83 1795 405 124 625
568 56 1650 396 251 674
568 61 1140 440 103 275
568 63 934 434 84 242
568 74 1006 427 131 270
568 79 544 441 36 99
568 80 719 447 35 99
568 81 581 457 33 84
568 82 642 455 36 103
568 83 1800 405 119 642
569 56 1659 396 239 674
569 61 1139 447 110 269
569 63 941 436 80 237
569 74 1006 435 133 262
569 79 546 453 33 86
569 80 719 445 36 101
569 81 581 457 33 84
569 82 642 455 36 103
569 83 1802 403 116 635
570 56 1663 398 232 675
570 61 1142 439 125 278
570 63 939 434 86 240
570 74 1008 433 131 264
570 79 546 453 33 86
570 80 719 445 36 101
570 81 581 457 33 84
570 82 642 455 36 103
570 83 1802 403 116 635
571 56 1665 398 232 671
571 61 1141 439 139 276
571 63 944 435 86 241
571 74 1010 429 128 267
571 79 547 451 32 89
571 80 718 446 37 100
571 81 581 457 33 84
571 82 642 455 36 103
571 83 1802 403 116 635
572 56 1669 398 239 673
572 61 1147 439 136 276
572 63 949 436 81 239
572 74 1009 431 130 265
572 79 548 453 32 87
572 80 717 445 38 101
572 81 581 457 33 84
572 82 642 455 36 103
572 83 1802 403 116 635
573 56 1673 401 246 673
573 61 1149 436 140 281
573 63 938 436 103 242
573 74 1015 430 123 266
573 79 548 453 32 87
573 80 718 445 37 101
573 83 1802 403 116 635
574 56 1675 400 244 673
574 61 1151 438 139 278
574 63 941 435 101 244
574 74 1023 431 116 269
574 79 548 453 32 87
574 80 718 445 38 102
575 56 1676 400 243 673
575 61 1154 440 137 276
575 63 941 435 101 244
575 74 1023 431 116 269
575 79 548 453 32 87
575 80 719 446 37 101
576 56 1676 400 243 672
576 61 1158 441 134 274
576 63 951 435 103 247
576 74 1023 431 116 269
576 79 548 453 32 87
576 80 719 446 37 102
576 81 635 457 35 103
577 56 1675 399 244 674
577 61 1158 447 130 268
577 63 956 437 122 247
577 74 1054 430 87 268
577 80 720 447 36 102
577 81 635 457 35 103
578 56 1673 397 246 677
578 61 1157 450 132 264
578 63 957 438 108 238
578 74 1059 425 81 274
578 80 718 446 39 103
578 81 635 457 35 103
579 56 1674 400 245 673
579 61 1158 443 131 270
579 63 957 436 105 239
579 74 1062 422 83 277
579 80 718 447 38 101
579 81 635 457 35 103
580 56 1673 402 246 672
580 61 1163 455 130 259
580 63 958 433 105 242
580 74 1065 428 79 271
580 80 719 447 37 102
580 81 635 457 35 103
581 56 1673 401 246 673
581 61 1171 439 123 274
581 63 959 433 106 240
581 74 1068 424 84 275
581 80 722 447 35 101
582 56 1673 403 246 673
582 61 1184 438 115 276
582 63 957 434 115 239
582 74 1075 424 78 273
582 80 722 447 35 101
583 56 1675 402 244 674
583 61 1193 434 108 277
583 63 963 433 109 239
583 74 1077 422 78 275
583 80 722 447 35 101
583 81 547 458 33 80
584 56 1676 392 242 684
584 61 1200 434 105 275
584 63 968 431 105 241
584 74 1076 425 83 272
584 80 724 446 36 102
584 81 547 458 33 80
585 56 1675 390 244 688
585 61 1202 435 108 276
585 63 972 429 103 243
585 74 1080 416 81 281
585 80 724 446 36 102
585 81 550 450 34 89
585 82 585 452 32 84
586 56 1679 398 240 677
586 61 1210 433 104 280
586 63 979 434 97 239
586 74 1082 419 81 278
586 80 724 446 36 102
586 81 550 450 34 89
586 82 585 452 32 84
587 56 1684 387 234 690
587 61 1214 429 102 284
587 63 987 435 90 236
587 74 1092 414 74 284
587 80 725 446 35 104
587 81 550 450 34 89
587 82 584 454 35 86
588 56 1693 386 225 691
588 61 1216 430 102 282
588 63 992 441 86 229
588 74 1095 410 89 288
588 80 725 445 35 106
588 81 550 450 34 89
588 82 584 454 35 86
589 56 1701 412 218 664
589 61 1220 433 102 280
589 63 999 446 80 224
589 74 1096 412 90 287
589 80 724 446 36 105
589 81 550 450 34 89
589 82 585 452 33 86
589 83 624 455 37 105
590 56 1713 421 205 655
590 61 1221 442 103 270
590 63 1007 444 77 226
590 74 1097 410 96 289
590 80 728 450 33 102
590 82 585 452 33 86
590 83 624 456 36 103
591 56 1736 428 183 648
591 61 1229 433 103 280
591 63 1011 441 79 227
591 74 1097 409 97 288
591 80 728 450 33 103
591 82 585 452 33 86
591 83 624 455 36 104
592 56 1756 425 163 649
592 61 1236 436 103 277
592 63 1013 440 81 225
592 74 1095 413 98 286
592 80 728 450 33 103
592 82 585 452 33 86
592 83 624 454 36 105
592 84 1186 437 69 240
593 56 1756 425 163 649
593 61 1236 428 107 286
593 63 1019 438 75 230
593 74 1093 414 106 287
593 80 728 450 33 103
593 82 585 452 33 86
593 83 624 454 36 104
593 84 1187 432 70 242
593 85 548 460 30 78
594 56 1756 425 163 649
594 61 1239 437 108 277
594 63 1024 436 74 227
594 74 1093 415 108 283
594 80 726 451 34 103
594 83 624 453 35 104
594 84 1190 431 68 247
594 85 548 457 30 82
595 56 1756 425 163 649
595 61 1244 434 107 280
595 63 1025 437 75 225
595 74 1093 416 105 282
595 80 726 451 34 103
595 83 624 455 34 102
595 84 1192 429 66 251
595 85 548 457 30 82
596 56 1756 425 163 649
596 61 1246 442 110 272
596 63 1023 441 77 219
596 74 1098 419 102 277
596 80 727 452 34 103
596 83 624 455 34 101
596 84 1192 433 70 248
596 85 548 462 30 78
597 61 1249 442 109 271
597 63 1025 442 78 218
597 74 1099 421 102 275
597 80 727 450 35 105
597 83 624 455 34 101
597 84 1195 440 70 234
597 85 549 458 30 82
598 61 1252 438 106 276
598 63 1024 439 88 223
598 74 1101 421 100 274
598 80 728 450 34 107
598 83 624 455 34 101
598 84 1189 447 79 229
598 85 548 453 31 87
599 61 1254 437 105 277
599 63 1028 440 86 225
599 74 1104 420 96 273
599 80 727 451 34 105
599 83 624 455 34 101
599 84 1193 440 77 245
599 85 548 458 30 82
599 86 1131 422 68 268
600 61 1257 434 104 281
600 63 1029 446 88 219
600 74 1111 419 91 276
600 80 725 448 36 108
600 83 624 455 34 101
600 84 1196 443 77 242
600 85 548 458 30 82
600 86 1134 418 65 268
