0 1 877 427 419 510
1 1 874 425 419 516
2 1 875 423 421 516
3 1 876 421 422 516
4 1 873 421 421 520
5 1 864 422 420 521
6 1 857 423 421 521
7 1 859 421 422 519
8 1 864 413 419 520
9 1 868 399 420 524
10 1 868 399 420 524
11 1 868 399 420 524
12 1 874 400 420 525
13 1 875 396 423 526
14 1 881 390 425 526
15 1 893 378 425 527
16 1 898 369 431 530
17 1 907 368 430 532
18 1 915 369 428 535
19 1 915 369 428 535
20 1 915 369 428 535
21 1 915 369 428 535
22 1 915 369 428 535
24 1 949 391 447 557
25 1 958 387 447 557
26 1 962 379 452 562
27 1 962 379 452 562
28 1 972 371 458 571
29 1 972 371 458 571
30 1 972 371 458 571
31 1 972 371 458 571
32 1 972 371 458 571
66 1 841 268 570 616
67 1 832 253 596 615
68 1 832 253 596 615
69 1 832 253 596 615
70 1 832 253 596 615
71 1 832 253 596 615
74 1 746 167 535 666
75 1 744 162 542 674
76 1 744 162 542 674
77 1 744 162 542 674
78 1 744 162 542 674
79 1 744 162 542 674
81 1 738 144 569 677
82 1 738 144 569 677
83 1 738 144 569 677
84 1 738 144 569 677
85 1 738 144 569 677
86 1 721 96 574 716
87 1 709 80 585 726
88 1 692 57 595 740
89 1 679 29 621 763
90 1 679 29 621 763
91 1 669 6 633 778
92 1 662 6 649 775
93 1 662 6 649 775
94 1 645 5 692 758
95 1 639 5 722 751
96 1 635 5 729 745
97 1 635 5 729 745
98 1 635 5 729 745
99 1 635 5 729 745
100 1 635 5 729 745
103 1 625 3 818 872
104 1 625 3 818 872
105 1 625 3 818 872
106 1 625 3 818 872
107 1 649 17 818 1008
108 1 649 17 818 1008
109 1 649 17 818 1008
110 1 645 132 803 937
111 1 642 144 793 924
112 1 645 152 790 916
113 1 644 154 791 914
114 1 635 155 784 912
115 1 630 159 790 909
116 1 627 170 787 899
117 1 622 186 780 882
118 1 631 208 782 858
119 1 639 233 765 835
120 1 642 254 763 816
121 1 651 275 756 796
122 1 651 302 747 770
123 1 644 324 710 747
124 1 643 342 698 729
125 1 644 352 704 720
126 1 643 361 757 711
127 1 644 364 759 707
128 1 624 369 721 702
129 1 610 376 708 696
130 1 596 371 684 700
131 1 576 362 670 709
132 1 555 345 870 726
133 1 543 330 684 740
134 1 523 315 677 756
135 1 510 299 899 768
136 1 501 281 650 788
137 1 495 255 838 813
138 1 486 244 838 825
139 1 477 231 674 838
140 1 477 231 674 838
141 1 477 231 674 838
142 1 482 206 827 846
143 1 483 199 831 843
144 1 478 191 842 845
145 1 483 186 842 844
146 1 483 181 847 844
147 1 439 177 877 845
148 1 395 174 769 849
149 1 395 174 769 849
150 1 395 174 769 849
151 1 395 174 769 849
152 1 500 151 675 839
153 1 500 151 675 839
154 1 500 151 675 839
155 1 497 99 685 847
156 1 497 99 685 847
156 2 158 725 334 301
157 1 490 74 690 852
157 2 128 722 334 307
158 1 495 59 690 859
158 2 128 722 334 307
159 1 500 53 698 864
159 2 68 724 355 318
160 1 506 50 707 868
160 2 47 726 362 321
161 1 506 50 707 868
161 2 27 729 371 327
162 1 506 50 707 868
162 2 7 731 385 330
163 1 522 38 723 892
163 2 7 731 385 330
164 1 532 33 723 899
164 2 7 731 385 330
165 1 534 26 729 909
165 2 7 731 385 330
166 1 534 26 729 909
166 2 7 731 385 330
167 1 534 26 729 909
168 1 534 26 729 909
169 1 534 26 729 909
170 1 559 142 751 926
171 1 566 179 767 888
172 1 592 215 758 854
173 1 613 241 790 829
174 1 638 264 783 807
175 1 659 298 769 773
176 1 689 336 759 737
176 2 2 806 395 272
177 1 708 379 753 695
177 2 2 804 396 274
178 1 736 412 765 663
178 2 0 794 402 283
179 1 759 426 761 648
179 2 1 777 408 300
180 1 786 441 751 634
180 2 1 777 408 300
181 1 802 446 735 628
181 2 1 777 408 300
182 1 805 446 724 629
182 2 1 777 408 300
183 1 814 446 718 628
183 2 0 670 400 403
184 1 816 443 709 631
184 2 0 642 396 431
185 1 814 444 690 630
185 2 0 618 387 456
186 1 815 444 676 630
186 2 0 592 389 477
186 3 138 156 354 372
187 1 811 435 659 640
187 2 0 592 389 477
187 3 138 156 354 372
188 1 812 427 631 647
188 2 0 592 389 477
188 3 138 156 354 372
189 1 813 424 642 649
189 2 0 592 389 477
189 3 139 88 352 358
190 1 810 416 628 657
190 2 0 592 389 477
190 3 134 62 356 362
191 1 822 413 621 659
191 3 134 62 356 362
192 1 840 410 611 660
192 3 134 62 356 362
193 1 839 409 599 659
193 3 134 62 356 362
194 1 840 408 590 660
194 3 134 62 356 362
194 4 442 269 283 346
194 5 0 234 270 209
195 1 856 413 585 654
195 4 453 266 282 346
195 5 0 232 284 205
196 1 869 411 578 658
196 4 453 266 282 346
196 5 0 230 294 199
197 1 866 408 577 658
197 4 460 252 287 348
197 5 0 218 290 206
198 1 871 407 574 658
198 4 461 245 289 351
198 5 0 211 291 200
199 1 886 403 567 664
199 4 469 239 289 350
199 5 0 211 291 200
199 6 1132 250 345 281
200 1 892 393 566 674
200 4 470 226 291 352
200 5 0 211 291 200
200 6 1137 234 350 318
201 1 892 393 566 674
201 4 470 226 291 352
201 5 0 211 291 200
201 6 1137 234 350 318
202 1 892 393 566 674
202 4 470 226 291 352
202 5 0 173 299 189
202 6 1139 194 356 316
203 1 892 393 566 674
203 4 468 181 295 354
203 5 0 159 299 189
203 6 1139 194 356 316
204 1 892 393 566 674
204 4 468 181 295 354
204 5 0 152 294 184
204 6 1139 194 356 316
205 4 468 181 295 354
205 5 0 143 289 189
205 6 1139 194 356 316
206 4 468 181 295 354
206 5 0 139 286 181
206 6 1139 194 356 316
207 4 468 181 295 354
207 5 0 131 276 178
207 6 1116 142 378 384
208 4 436 146 300 355
208 5 0 131 276 178
208 6 1107 136 371 377
209 4 432 143 300 357
209 5 0 131 276 178
209 6 1107 136 371 377
210 4 423 138 302 357
210 5 0 131 276 178
210 6 1090 125 365 438
211 4 415 136 303 356
211 5 0 131 276 178
211 6 1087 122 364 419
212 4 412 137 302 356
212 6 1080 124 362 415
213 4 413 138 302 357
213 6 1079 128 353 347
214 4 411 141 302 357
214 6 1075 131 356 352
215 4 414 146 301 354
215 6 1076 135 353 350
216 4 421 148 299 352
216 6 1081 136 352 356
217 4 422 147 300 352
217 6 1080 136 364 393
218 4 431 147 296 353
218 6 1087 137 367 395
219 4 431 147 296 353
219 6 1087 137 367 395
220 4 431 147 296 353
220 6 1087 137 367 395
220 7 0 133 283 176
221 4 431 147 296 353
221 6 1087 137 367 395
221 7 0 142 299 171
222 4 477 172 287 346
222 6 1123 170 351 342
222 7 2 150 311 174
222 8 0 292 401 494
223 4 492 183 285 344
223 6 1134 181 345 350
223 7 12 159 316 176
223 8 0 302 415 489
224 4 492 183 285 344
224 6 1134 181 345 350
224 7 45 176 305 166
224 8 0 316 436 485
225 4 535 211 281 342
225 6 1134 181 345 350
225 7 45 176 305 166
225 8 0 332 467 478
225 9 0 190 373 219
225 10 1172 212 370 418
226 4 566 226 280 340
226 6 1134 181 345 350
226 7 45 176 305 166
226 8 1 347 493 477
226 9 17 203 390 220
226 10 1198 225 357 428
227 4 605 243 276 336
227 6 1134 181 345 350
227 7 45 176 305 166
227 8 0 359 535 475
227 9 73 220 377 217
227 10 1235 244 357 429
228 4 643 256 271 335
228 7 45 176 305 166
228 8 4 373 564 466
228 9 115 231 369 227
228 10 1270 262 359 397
228 11 1028 494 500 580
229 4 671 268 269 335
229 8 41 381 555 463
229 9 146 240 366 228
229 10 1296 277 358 407
229 11 1056 510 468 561
229 12 434 39 301 329
230 4 703 277 268 330
230 8 88 388 544 456
230 9 182 245 366 234
230 10 1327 289 364 407
230 11 1087 519 513 555
230 12 434 39 301 329
231 4 740 280 266 330
231 8 131 385 531 458
231 9 224 246 360 239
231 10 1368 297 466 413
231 11 1122 527 540 544
231 12 434 39 301 329
232 4 764 280 268 331
232 8 163 385 522 454
232 9 251 246 356 238
232 10 1391 302 364 404
232 11 1151 532 647 540
232 12 434 39 301 329
233 4 791 287 264 328
233 8 192 388 524 451
233 9 278 249 354 251
233 10 1416 310 371 416
233 11 1175 538 660 534
233 12 434 39 301 329
234 4 818 295 264 329
234 8 231 393 512 451
234 9 312 255 347 249
234 10 1441 322 372 410
234 11 1204 546 663 526
235 4 838 302 264 327
235 8 252 396 508 449
235 9 330 261 349 262
235 10 1462 330 374 366
235 11 1223 554 667 519
236 4 838 302 264 327
236 8 272 396 502 448
236 9 343 263 349 260
236 10 1472 337 376 355
236 11 1241 557 678 517
237 4 867 306 263 326
237 8 291 396 502 444
237 9 364 262 343 261
237 10 1489 340 378 340
237 11 1258 556 660 516
238 4 867 306 263 326
238 8 314 392 498 444
238 9 378 258 344 256
238 10 1510 339 376 331
238 11 1276 555 633 517
238 12 640 71 292 322
239 4 895 301 262 323
239 8 328 387 497 444
239 9 388 252 347 265
239 10 1521 337 379 328
239 11 1291 551 627 520
239 12 652 67 292 323
240 4 911 301 263 323
240 8 346 389 497 442
240 9 407 250 341 266
240 10 1537 340 379 323
240 11 1313 553 605 518
240 12 669 65 289 327
241 4 924 303 264 325
241 8 364 388 494 442
241 9 418 251 346 266
241 10 1554 346 366 317
241 11 1326 557 592 515
241 12 669 65 289 327
242 4 934 306 264 325
242 8 377 389 494 443
242 9 425 253 347 266
242 10 1561 352 358 315
242 11 1341 563 562 510
242 12 669 65 289 327
243 4 946 311 265 326
243 8 390 391 496 444
243 9 438 256 348 264
243 10 1579 360 340 322
243 11 1358 566 556 507
243 12 669 65 289 327
244 4 962 316 263 327
244 8 410 394 497 444
244 9 457 261 343 260
244 10 1595 365 325 353
244 11 1379 575 540 497
244 12 669 65 289 327
245 4 973 318 264 328
245 8 421 396 497 445
245 9 462 262 348 257
245 10 1604 372 315 333
245 11 1392 581 527 491
246 4 983 322 267 328
246 8 430 397 501 448
246 9 472 263 349 257
246 10 1620 379 300 309
246 11 1413 586 505 487
247 4 999 328 268 328
247 8 449 401 504 448
247 9 487 269 349 253
247 10 1630 385 288 283
247 11 1438 590 480 485
248 4 1011 330 269 330
248 8 468 407 502 445
248 9 501 272 346 256
248 10 1644 390 275 273
248 11 1454 596 464 480
249 4 1024 335 271 328
249 8 480 409 506 447
249 9 510 273 348 254
249 10 1644 390 275 273
249 11 1473 602 445 471
250 4 1038 336 272 328
250 8 497 408 509 449
250 9 524 274 349 252
250 10 1670 398 249 258
250 11 1498 605 420 468
251 4 1054 336 271 330
251 8 516 407 506 451
251 9 536 273 351 255
251 10 1684 401 235 245
251 11 1522 607 396 466
252 4 1070 338 275 331
252 8 535 409 509 452
252 9 554 274 349 255
252 10 1701 404 218 230
252 11 1547 610 371 461
253 4 1080 342 279 330
253 8 547 411 514 451
253 9 565 274 352 259
253 10 1701 404 218 230
253 11 1547 610 371 461
254 4 1093 340 279 334
254 8 568 411 509 449
254 9 574 275 352 258
254 10 1701 404 218 230
254 11 1547 610 371 461
255 4 1107 338 281 333
255 8 581 408 520 452
255 9 588 275 351 253
255 10 1701 404 218 230
255 11 1547 610 371 461
256 4 1120 339 282 332
256 8 603 404 516 457
256 9 601 274 352 256
256 10 1701 404 218 230
256 11 1547 610 371 461
257 4 1134 339 281 332
257 8 618 402 518 459
257 9 614 273 356 257
258 4 1150 339 283 332
258 8 635 401 523 457
258 9 626 272 359 257
259 4 1162 337 289 334
259 8 657 399 524 456
259 9 641 269 360 261
260 4 1177 336 287 334
260 8 674 393 525 458
260 9 654 265 359 262
261 4 1198 336 286 335
261 8 694 392 526 461
261 9 668 264 360 264
262 4 1214 337 288 335
262 8 714 393 527 460
262 9 678 264 361 267
263 4 1227 333 285 337
263 8 732 384 525 470
263 9 687 259 363 275
264 4 1236 331 287 337
264 8 742 380 529 474
264 9 691 256 369 279
265 4 1250 333 288 338
265 8 757 385 533 466
265 9 704 257 369 284
266 4 1260 333 289 338
266 8 765 386 540 468
266 9 715 258 367 279
267 4 1265 334 290 337
267 8 778 385 535 470
267 9 716 257 366 286
268 4 1272 333 292 339
268 8 789 387 545 473
268 9 719 261 367 288
269 4 1281 334 295 339
269 8 804 388 540 478
269 9 724 265 370 289
270 4 1288 340 294 336
270 8 810 391 542 481
270 9 728 268 371 291
271 4 1294 341 294 336
271 8 819 394 542 481
271 9 731 269 373 292
272 4 1300 341 295 338
272 8 828 394 545 482
272 9 736 269 371 293
273 4 1311 343 298 337
273 8 845 394 546 485
273 9 744 270 376 296
273 10 931 109 268 264
274 4 1316 342 304 338
274 8 864 394 535 486
274 9 746 271 380 296
274 10 931 109 268 264
275 4 1324 340 305 338
275 8 869 394 541 487
275 9 749 270 381 300
275 10 931 109 268 264
276 4 1327 338 309 340
276 8 868 392 554 489
276 9 751 271 381 304
276 10 931 109 268 264
277 4 1332 338 308 340
277 8 874 392 559 489
277 9 757 273 376 305
277 10 931 109 268 264
278 4 1332 335 309 340
278 8 877 386 558 493
278 9 758 270 376 308
279 4 1331 331 307 339
279 8 873 381 562 493
279 9 751 263 380 313
280 4 1332 328 308 340
280 8 878 375 560 499
280 9 751 261 382 316
281 4 1330 325 309 339
281 8 875 373 564 497
281 9 747 259 383 319
282 4 1323 321 311 340
282 8 868 371 565 497
282 9 739 256 388 318
283 4 1323 320 313 342
283 8 868 370 567 500
283 9 736 256 391 323
284 4 1325 322 314 342
284 8 869 372 569 501
284 9 736 259 391 325
285 4 1322 321 314 343
285 8 865 369 571 504
285 9 730 257 394 322
286 4 1321 318 315 345
286 8 862 367 575 507
286 9 726 255 393 320
287 4 1320 318 318 347
287 8 860 367 578 509
287 9 725 255 394 322
288 4 1321 318 319 349
288 8 859 368 580 511
288 9 721 255 398 323
289 4 1315 317 322 348
289 8 856 366 580 515
289 9 710 254 406 322
290 4 1312 315 326 350
290 8 848 366 586 516
290 9 706 251 403 332
291 4 1309 314 327 351
291 8 833 366 594 518
291 9 700 251 400 329
292 4 1302 312 324 352
292 8 822 366 594 521
292 9 687 252 400 323
293 4 1292 312 319 351
293 8 806 365 601 527
293 9 675 252 402 326
294 4 1285 311 335 354
294 8 800 366 603 528
294 9 672 252 402 324
295 4 1280 308 338 357
295 8 788 365 611 533
295 9 660 254 404 326
296 4 1270 311 334 357
296 8 777 369 616 539
296 9 652 256 404 327
297 4 1273 314 330 359
297 8 774 375 620 548
297 9 649 261 405 326
298 4 1270 316 342 361
298 8 767 380 626 552
298 9 639 263 408 324
299 4 1265 313 347 364
299 8 760 376 629 556
299 9 632 259 411 327
300 4 1271 312 351 367
300 8 760 380 639 562
300 9 635 258 412 333
301 4 1275 314 339 369
301 8 759 383 644 570
301 9 635 261 416 335
302 4 1275 317 346 376
302 8 750 386 650 579
302 9 627 265 419 341
303 4 1273 322 360 381
303 8 746 393 654 585
303 9 624 270 422 345
304 4 1279 327 371 382
304 8 746 402 661 588
304 9 628 277 425 347
305 4 1280 330 372 386
305 8 742 408 666 596
305 9 624 279 427 346
306 4 1282 330 375 389
306 8 739 409 672 606
306 9 620 278 431 347
307 4 1288 329 383 392
307 8 741 408 683 610
307 9 622 277 436 349
308 4 1296 325 389 396
308 8 741 404 694 618
308 9 625 274 436 350
309 4 1299 319 393 401
309 8 738 401 701 624
309 9 624 270 441 354
310 4 1301 318 397 404
310 8 730 401 710 631
310 9 620 269 443 357
311 4 1304 318 395 403
311 8 726 401 719 635
311 9 619 269 446 358
312 4 1301 314 401 405
312 8 716 396 730 636
312 9 614 262 451 360
313 4 1303 303 400 408
313 8 700 383 744 641
313 9 605 249 454 364
314 4 1310 290 404 407
314 8 703 373 747 642
314 9 607 236 455 366
315 4 1311 275 402 412
315 8 680 361 769 642
315 9 605 228 457 365
316 4 1299 269 398 410
316 8 682 346 763 647
316 9 597 219 462 365
317 4 1306 263 370 411
317 8 679 336 768 653
317 9 596 212 461 368
318 4 1308 259 364 413
318 8 676 331 769 656
318 9 593 208 463 366
319 4 1303 255 372 413
319 8 665 328 776 657
319 9 589 205 462 362
320 4 1299 254 384 415
320 8 655 330 784 657
320 9 585 206 464 360
321 4 1292 256 380 413
321 8 662 329 778 657
321 9 587 207 463 361
322 4 1297 251 365 414
322 8 657 327 777 658
322 9 581 203 466 363
323 4 1291 247 364 416
323 8 640 326 788 660
323 9 576 201 464 372
324 4 1286 249 359 414
324 8 638 328 783 659
324 9 573 202 464 375
325 4 1278 247 361 413
325 8 640 326 769 660
325 9 564 203 466 372
326 4 1256 245 360 414
326 8 603 324 778 660
326 9 546 202 465 366
327 4 1245 246 365 414
327 8 583 327 791 660
327 9 538 206 466 366
328 4 1243 249 362 412
328 8 578 329 793 657
328 9 535 208 467 364
329 4 1230 246 356 422
329 8 560 326 792 656
329 9 522 203 462 364
330 4 1227 242 356 411
330 8 560 324 785 658
330 9 515 203 460 364
331 4 1220 243 354 412
331 8 560 327 777 658
331 9 511 204 460 366
332 4 1202 246 354 410
332 8 538 329 771 657
332 9 487 206 467 364
333 4 1188 253 349 408
333 8 516 333 766 656
333 9 475 210 459 363
334 4 1179 258 362 411
334 8 508 339 765 654
334 9 466 216 461 360
335 4 1163 260 363 406
335 8 486 342 773 651
335 9 453 219 463 358
336 4 1149 259 353 407
336 8 454 340 787 651
336 9 434 217 465 352
337 4 1140 258 357 405
337 8 455 338 770 650
337 9 426 214 464 352
338 4 1143 255 359 404
338 8 449 334 769 650
338 9 424 208 462 344
339 4 1139 249 358 405
339 8 441 327 767 651
339 9 415 201 463 344
340 4 1134 247 421 404
340 8 439 323 765 651
340 9 412 196 463 345
341 4 1136 247 409 404
341 8 436 324 760 650
341 9 407 198 466 346
342 4 1134 250 424 404
342 8 426 326 761 647
342 9 400 199 467 342
343 4 1136 251 429 402
343 8 420 327 762 644
343 9 399 201 463 339
344 4 1136 252 415 402
344 8 413 325 758 646
344 9 393 202 464 335
345 4 1136 253 372 401
345 8 412 325 753 644
345 9 391 203 463 336
346 4 1130 249 428 400
346 8 399 327 759 632
346 9 384 199 463 340
347 4 1124 246 361 400
347 8 390 324 754 632
347 9 378 197 458 341
348 4 1130 246 431 399
348 8 386 324 749 635
348 9 369 197 461 341
349 4 1125 250 398 401
349 8 377 330 749 635
349 9 361 201 465 338
350 4 1128 255 432 402
350 8 369 332 747 643
350 9 356 209 462 346
351 4 1128 262 430 398
351 8 365 339 745 640
351 9 352 215 463 343
352 4 1125 264 430 400
352 8 360 343 748 640
352 9 351 218 463 345
353 4 1128 266 440 402
353 8 355 344 748 641
353 9 344 219 466 345
354 4 1122 267 430 403
354 8 349 347 747 640
354 9 339 219 466 347
355 4 1120 271 354 401
355 8 345 352 746 639
355 9 336 222 464 346
356 4 1114 275 358 400
356 8 334 358 750 636
356 9 332 226 464 343
357 4 1109 278 363 399
357 8 330 367 748 630
357 9 325 230 465 346
358 4 1109 280 366 397
358 8 327 369 751 631
358 9 322 232 466 349
359 4 1117 274 435 403
359 8 326 363 752 636
359 9 324 231 465 349
360 4 1124 271 436 403
360 8 336 366 748 632
360 9 330 229 464 347
361 4 1125 263 441 407
361 8 334 363 754 640
361 9 331 229 464 350
362 4 1125 256 447 408
362 8 338 365 752 643
362 9 333 230 464 352
363 4 1128 246 457 410
363 8 341 369 752 645
363 9 335 234 463 353
364 4 1125 232 454 414
364 8 342 372 752 646
364 9 336 237 463 353
365 4 1123 218 373 409
365 8 341 375 752 648
365 9 335 239 463 354
366 4 1125 200 468 404
366 8 341 378 752 652
366 9 335 244 463 355
367 4 1125 200 468 404
367 8 334 382 753 654
367 9 330 249 463 355
368 4 1125 200 468 404
368 8 332 387 754 653
368 9 329 255 463 354
369 4 1125 200 468 404
369 8 331 390 753 652
369 9 327 257 462 353
370 4 1125 200 468 404
370 8 329 393 752 653
370 9 326 258 465 352
371 8 328 399 753 653
371 9 328 261 460 356
372 8 326 411 751 647
372 9 325 269 461 353
373 8 327 422 745 645
373 9 320 279 465 351
374 8 323 430 746 639
374 9 318 286 462 354
375 8 317 437 747 632
375 9 315 291 462 356
376 8 311 443 745 625
376 9 306 295 465 356
377 8 305 447 742 622
377 9 301 300 464 358
378 8 298 453 742 616
378 9 293 306 465 361
379 8 297 463 739 605
379 9 291 311 462 358
380 8 300 466 737 604
380 9 295 317 457 360
381 8 301 471 736 601
381 9 295 321 458 360
382 8 300 475 735 596
382 9 295 323 459 361
383 8 298 476 735 596
383 9 292 324 461 361
384 8 299 477 734 594
384 9 293 325 459 361
385 8 302 481 732 588
385 9 294 329 458 361
386 8 303 490 732 584
386 9 294 335 458 358
387 8 302 494 732 580
387 9 293 339 458 356
388 8 304 495 730 575
388 9 296 338 456 355
389 8 306 490 732 578
389 9 300 334 456 357
390 8 309 482 736 589
390 9 303 328 458 361
391 8 313 483 733 590
391 9 305 328 456 360
392 8 315 489 732 584
392 9 307 331 458 362
393 8 315 490 731 583
393 9 306 333 459 362
394 8 311 487 734 586
394 9 304 331 457 359
395 8 309 483 734 590
395 9 303 328 455 358
396 8 307 480 731 592
396 9 299 327 454 358
397 8 305 476 730 595
397 9 296 326 457 358
398 8 301 473 731 597
398 9 292 324 457 357
399 8 300 472 729 596
399 9 292 323 458 354
400 8 297 469 730 599
400 9 291 318 457 356
401 8 298 467 731 601
401 9 292 315 458 354
402 8 296 464 729 605
402 9 290 314 459 353
403 8 296 463 728 606
403 9 290 312 458 353
404 8 299 462 728 607
404 9 293 309 456 356
405 8 298 458 729 612
405 9 293 308 455 354
406 8 300 452 725 618
406 9 291 306 458 347
407 8 302 451 725 620
407 9 293 305 459 349
408 8 303 453 724 617
408 9 295 306 454 351
409 8 301 450 723 622
409 9 292 306 455 351
410 8 300 448 724 622
410 9 292 307 455 348
411 8 303 447 725 620
411 9 295 304 457 343
412 8 306 441 724 623
412 9 297 300 457 345
413 8 309 436 726 627
413 9 300 292 457 347
413 10 575 104 390 363
414 8 319 431 723 629
414 9 306 287 463 346
414 10 575 104 390 363
415 8 326 428 721 631
415 9 313 286 461 348
415 10 575 104 390 363
416 8 328 426 726 628
416 9 316 283 459 348
416 10 575 104 390 363
417 8 330 428 733 618
417 9 320 280 457 347
417 10 575 104 390 363
418 8 337 416 730 624
418 9 327 275 452 345
419 8 341 410 728 625
419 9 332 269 451 351
420 8 349 404 725 628
420 9 338 266 451 353
421 8 353 399 728 629
421 9 340 263 453 349
422 8 355 393 730 630
422 9 342 258 456 345
423 8 359 388 729 631
423 9 345 253 453 350
423 10 1067 32 538 472
424 8 362 387 728 631
424 9 346 250 453 353
424 10 1069 71 538 451
425 8 361 387 732 631
425 9 344 251 455 349
425 10 1068 99 532 445
426 8 361 387 733 632
426 9 347 252 453 352
426 10 1068 99 532 445
427 8 366 388 729 631
427 9 349 253 451 350
427 10 1068 99 532 445
428 8 373 388 727 632
428 9 353 253 451 349
428 10 1068 99 532 445
429 8 386 387 721 632
429 9 358 253 455 349
429 10 1076 190 516 429
430 8 391 382 726 630
430 9 365 249 453 352
430 10 1081 200 524 432
431 8 389 382 739 633
431 9 373 243 450 355
431 10 1086 210 517 429
432 8 401 382 739 632
432 9 380 243 453 355
432 10 1093 224 525 425
433 8 406 383 740 634
433 9 384 245 457 356
433 10 1098 234 530 427
434 8 413 383 738 637
434 9 386 248 459 353
434 10 1103 244 519 432
435 8 419 382 738 639
435 9 388 249 459 351
435 10 1108 254 499 437
436 8 422 382 739 640
436 9 389 248 459 354
436 10 1111 263 498 438
437 8 425 381 738 640
437 9 389 247 460 353
437 10 1115 274 493 433
438 8 427 381 736 637
438 9 391 247 459 351
438 10 1123 285 489 431
439 8 429 380 737 636
439 9 392 244 459 356
439 10 1129 294 498 431
440 8 433 377 734 637
440 9 393 242 459 356
440 10 1132 301 495 430
441 8 434 374 735 638
441 9 393 242 460 352
441 10 1134 309 500 430
442 8 433 373 737 636
442 9 392 240 461 352
442 10 1135 317 504 428
443 8 436 369 735 635
443 9 394 238 459 351
443 10 1138 313 500 431
444 8 437 368 735 631
444 9 395 234 461 354
444 10 1140 309 498 433
445 8 437 364 735 630
445 9 394 233 461 352
445 10 1139 305 486 431
446 8 440 361 731 627
446 9 395 231 460 349
446 10 1138 300 490 430
447 8 440 359 730 627
447 9 395 225 460 354
447 10 1138 296 480 428
448 8 442 355 727 630
448 9 396 221 458 357
448 10 1139 291 470 428
449 8 441 351 729 630
449 9 395 220 457 353
449 10 1137 284 477 433
450 8 441 347 729 631
450 9 396 217 457 354
450 10 1139 280 479 435
451 8 443 344 729 632
451 9 397 216 457 349
451 10 1141 278 475 435
452 8 443 341 729 632
452 9 398 213 457 349
452 10 1142 278 475 434
453 8 444 340 731 631
453 9 399 210 459 346
453 10 1143 277 476 434
454 8 441 336 739 633
454 9 400 206 460 344
454 10 1144 275 476 433
455 8 441 333 738 633
455 9 399 201 462 345
455 10 1143 272 480 433
456 8 442 330 739 635
456 9 399 199 464 348
456 10 1145 270 483 433
457 8 442 331 739 636
457 9 399 200 463 348
457 10 1146 270 484 434
458 8 444 334 739 636
458 9 402 203 461 348
458 10 1150 273 484 433
459 8 445 335 740 635
459 9 404 203 461 350
459 10 1152 274 484 434
460 8 447 333 741 635
460 9 407 201 462 352
460 10 1155 273 483 433
461 8 450 331 742 637
461 9 411 198 461 354
461 10 1159 271 486 435
462 8 452 332 743 638
462 9 413 198 461 354
462 10 1162 272 487 434
463 8 458 335 742 639
463 9 415 202 460 355
463 10 1165 276 486 433
464 8 464 341 747 638
464 9 421 210 459 363
464 10 1170 279 488 434
465 8 471 347 744 637
465 9 426 214 460 362
465 10 1176 282 482 435
466 8 479 352 745 636
466 9 431 216 460 363
466 10 1182 287 479 436
467 8 493 357 744 638
467 9 438 221 459 362
467 10 1190 294 491 436
468 8 509 371 744 631
468 9 446 224 462 366
468 10 1198 300 496 436
469 8 525 366 736 645
469 9 455 226 460 370
469 10 1206 303 498 441
470 8 539 372 737 648
470 9 464 230 462 371
470 10 1221 307 491 442
471 8 547 377 739 653
471 9 470 235 465 375
471 10 1228 313 496 444
472 8 547 388 758 656
472 9 477 242 462 380
472 10 1233 320 499 444
473 8 556 400 755 655
473 9 481 254 462 377
473 10 1240 329 499 446
474 8 570 415 750 651
474 9 487 265 463 371
474 10 1247 340 504 444
475 8 588 425 744 644
475 9 491 273 463 373
475 10 1249 349 511 442
476 8 596 433 741 635
476 9 492 279 465 377
476 10 1254 355 506 446
477 8 598 445 744 623
477 9 497 288 464 389
477 10 1257 364 508 445
478 8 603 460 742 611
478 9 497 297 465 395
478 10 1254 372 512 444
479 8 611 468 737 605
479 9 500 308 461 397
479 10 1254 380 513 448
480 8 612 476 737 596
480 9 500 318 461 402
480 10 1256 393 508 445
481 8 619 488 729 584
481 9 499 326 460 405
481 10 1254 398 505 446
482 8 619 499 728 573
482 9 498 336 460 414
482 10 1251 407 503 445
483 8 622 508 719 563
483 9 500 346 457 413
483 10 1246 419 501 440
484 8 623 516 713 556
484 9 496 351 454 410
484 10 1240 422 486 436
485 8 627 513 704 560
485 9 496 350 451 410
485 10 1236 420 488 433
486 8 634 507 695 566
486 9 497 348 451 402
486 10 1236 411 489 434
487 8 639 507 687 567
487 9 501 348 446 399
487 10 1229 409 491 430
488 8 633 508 676 565
488 9 496 349 444 401
488 10 1221 409 479 426
489 8 626 508 670 565
489 9 490 351 438 394
489 10 1208 409 473 421
490 8 622 505 665 566
490 9 487 351 434 387
490 10 1200 408 469 419
491 8 613 502 658 568
491 9 482 350 433 384
491 10 1187 407 464 407
492 8 604 497 649 574
492 9 474 347 427 379
492 10 1177 404 455 405
493 8 597 493 635 578
493 9 470 348 419 371
493 10 1166 402 443 400
494 8 591 489 631 573
494 9 467 349 413 367
494 10 1153 400 443 393
495 8 580 486 625 568
495 9 459 348 414 363
495 10 1134 397 446 391
496 8 568 485 614 561
496 9 451 348 410 358
496 10 1123 397 430 390
497 8 558 488 603 557
497 9 440 350 412 354
497 10 1107 400 432 386
498 8 551 491 599 551
498 9 439 353 407 351
498 10 1099 401 430 382
499 8 542 490 592 545
499 9 434 353 402 350
499 10 1085 400 423 380
500 8 538 492 581 539
500 9 430 359 397 343
500 10 1074 404 423 376
501 8 536 495 575 536
501 9 430 362 393 344
501 10 1066 408 420 374
502 8 524 501 574 529
502 9 425 363 392 345
502 10 1057 412 422 372
503 8 517 504 570 524
503 9 419 369 391 342
503 10 1054 414 408 371
504 8 509 505 564 529
504 9 417 372 389 342
504 10 1046 418 409 370
505 8 507 510 563 524
505 9 418 377 387 337
505 10 1044 423 409 367
506 8 500 510 563 523
506 9 416 378 387 333
506 10 1039 422 408 367
507 8 495 516 558 515
507 9 414 377 386 332
507 10 1035 422 406 366
508 8 494 514 559 515
508 9 415 378 384 334
508 10 1035 425 405 365
509 8 484 517 561 516
509 9 415 385 385 326
509 10 1030 430 404 363
510 8 476 522 555 515
510 9 410 386 385 327
510 10 1022 439 400 361
510 11 612 196 286 305
511 8 464 530 557 513
511 9 408 392 381 323
511 10 1013 443 402 361
511 11 612 196 286 305
512 8 450 531 561 508
512 9 406 395 376 321
512 10 1009 445 402 360
512 11 612 196 286 305
513 8 440 530 552 507
513 9 397 393 376 316
513 10 1000 445 398 359
513 11 612 196 286 305
514 8 434 528 550 505
514 9 393 393 376 312
514 10 991 443 399 360
514 11 612 196 286 305
515 8 421 529 551 502
515 9 390 393 375 307
515 10 987 443 399 358
515 12 1566 630 353 440
516 8 405 525 547 501
516 9 382 391 372 308
516 10 975 440 393 358
516 12 1546 630 372 442
516 13 602 199 298 306
517 8 386 528 554 496
517 9 375 389 373 305
517 10 965 439 398 359
517 12 1528 628 390 443
517 13 602 199 298 306
517 14 1602 421 316 244
518 8 376 525 546 496
518 9 369 396 369 297
518 10 955 444 392 357
518 12 1510 632 408 440
518 13 602 199 298 306
518 14 1590 424 329 250
519 8 351 527 552 492
519 9 363 397 367 293
519 10 937 446 394 356
519 12 1486 635 432 439
519 13 602 199 298 306
519 14 1583 426 335 263
520 8 340 527 544 485
520 9 350 395 365 296
520 10 924 444 389 354
520 12 1457 636 461 440
520 13 602 199 298 306
520 14 1532 424 388 268
521 8 322 518 542 486
521 9 340 387 366 292
521 10 910 437 387 355
521 12 1426 631 492 443
521 14 1515 422 403 262
522 8 303 521 538 475
522 9 334 385 367 287
522 10 896 434 378 356
522 12 1397 629 522 444
522 14 1509 420 393 256
523 8 277 519 541 472
523 9 320 386 364 284
523 10 879 434 384 356
523 12 1362 630 545 444
523 14 1497 422 382 262
524 8 255 517 535 471
524 9 306 387 359 285
524 10 855 440 382 350
524 12 1329 629 541 444
524 14 1477 423 370 266
525 8 243 519 530 466
525 9 298 391 353 278
525 10 841 439 377 350
525 12 1299 628 621 448
525 14 1464 423 364 271
525 15 559 209 287 316
526 8 222 518 534 462
526 9 288 391 356 275
526 10 825 439 376 347
526 12 1262 627 657 450
526 14 1448 421 353 284
526 15 554 210 291 317
527 8 209 518 522 458
527 9 279 393 354 270
527 10 806 442 367 343
527 12 1231 629 683 448
527 14 1426 423 350 289
527 15 554 210 291 317
528 8 194 518 522 455
528 9 271 397 351 264
528 10 791 443 366 342
528 12 1200 630 671 445
528 14 1405 424 351 318
528 15 554 210 291 317
529 8 179 519 516 452
529 9 264 400 346 257
529 10 777 444 360 341
529 12 1169 632 659 445
529 14 1385 426 360 340
529 15 540 220 280 307
529 16 1382 425 478 378
530 8 162 523 514 447
530 9 255 406 346 246
530 10 760 450 357 337
530 12 1143 635 644 440
530 14 1366 430 339 347
530 15 534 222 289 312
530 16 1360 427 470 378
531 8 148 524 513 441
531 9 247 408 348 229
531 10 745 450 356 338
531 12 1117 633 628 442
531 14 1366 430 339 347
531 15 534 222 289 312
531 16 1344 430 461 376
532 8 135 523 513 435
532 9 240 408 344 207
532 10 731 451 347 332
532 12 1079 636 641 441
532 14 1366 430 339 347
532 15 534 222 289 312
532 16 1327 429 458 380
533 8 124 520 508 431
533 9 230 407 343 205
533 10 718 451 348 328
533 12 1057 632 613 444
533 14 1366 430 339 347
533 15 534 222 289 312
533 16 1307 430 458 377
534 8 113 522 504 426
534 9 225 408 336 194
534 10 705 451 340 328
534 12 1031 633 604 447
534 14 1366 430 339 347
534 15 534 222 289 312
534 16 1289 431 453 379
535 8 101 527 501 421
535 9 219 412 332 182
535 10 691 455 337 328
535 12 999 637 597 441
535 16 1273 437 443 376
536 8 80 532 502 416
536 9 207 418 332 182
536 10 673 458 331 327
536 12 965 635 589 442
536 16 1248 441 441 380
537 8 63 533 499 415
537 9 197 422 325 171
537 10 655 463 326 324
537 12 935 640 580 439
537 16 1230 445 429 374
537 17 494 241 331 300
538 8 44 534 503 411
538 9 182 424 326 167
538 10 638 465 329 321
538 12 900 636 577 439
538 16 1203 445 428 382
538 17 494 241 331 300
538 18 1627 313 239 296
539 8 30 532 504 405
539 9 182 424 326 167
539 10 625 463 322 320
539 12 872 635 573 441
539 16 1182 443 429 390
539 17 494 241 331 300
539 18 1627 313 239 296
540 8 3 527 506 401
540 9 182 424 326 167
540 10 602 460 317 316
540 12 842 633 559 445
540 16 1158 443 421 392
540 17 494 241 331 300
540 18 1627 313 239 296
541 8 0 520 484 400
541 9 182 424 326 167
541 10 579 457 313 314
541 12 801 627 554 450
541 16 1130 441 414 397
541 17 494 241 331 300
541 18 1627 313 239 296
542 8 0 515 463 393
542 9 182 424 326 167
542 10 558 452 312 313
542 12 768 622 544 450
542 16 1103 439 411 399
542 18 1627 313 239 296
543 8 0 510 438 393
543 10 535 446 308 311
543 12 737 613 536 460
543 16 1076 431 405 394
543 19 103 402 326 166
544 8 2 508 414 386
544 10 509 440 307 310
544 12 697 600 536 472
544 16 1044 424 401 391
544 19 79 398 329 171
545 8 0 506 393 381
545 10 489 437 301 307
545 12 669 592 526 481
545 16 1018 422 400 391
545 19 62 395 325 176
545 20 1485 309 223 278
546 8 0 503 374 382
546 10 470 437 303 304
546 12 639 590 522 482
546 16 994 419 395 391
546 19 34 395 338 174
546 20 1485 309 223 278
547 8 0 502 352 380
547 10 448 438 295 304
547 12 604 592 516 481
547 16 968 421 390 391
547 19 18 396 336 174
547 20 1485 309 223 278
548 8 0 504 332 380
548 10 431 443 295 303
548 12 580 594 510 479
548 16 943 428 390 389
548 19 6 398 333 181
548 20 1485 309 223 278
548 21 2 398 338 272
549 8 0 508 323 382
549 10 419 450 292 303
549 12 562 601 508 471
549 16 931 435 382 386
549 19 1 407 327 175
549 20 1485 309 223 278
549 21 1 405 328 261
549 22 1599 506 319 393
550 8 0 520 318 376
550 10 415 458 286 299
550 12 549 609 501 464
550 16 920 442 381 385
550 19 3 417 326 190
550 21 2 416 327 272
550 22 1587 509 331 395
551 8 0 520 318 376
551 10 393 462 285 301
551 12 513 610 500 462
551 16 895 446 379 385
551 19 3 417 326 190
551 21 0 424 310 235
551 22 1564 514 355 387
551 23 311 257 334 279
552 8 0 520 318 376
552 10 373 468 281 300
552 12 487 614 501 458
552 16 871 450 378 382
552 19 3 417 326 190
552 21 54 429 240 235
552 22 1538 518 381 387
552 23 311 257 334 279
553 8 0 520 318 376
553 10 366 483 283 295
553 12 478 630 496 443
553 16 857 459 383 381
553 19 3 417 326 190
553 21 46 444 250 262
553 22 1534 519 385 386
553 23 292 277 336 280
554 8 0 520 318 376
554 10 361 493 275 296
554 12 460 637 493 438
554 16 847 465 376 377
554 19 9 453 274 181
554 21 46 444 250 262
554 22 1520 521 399 383
554 23 287 288 340 276
555 10 337 495 282 296
555 12 431 642 487 428
555 16 821 471 374 376
555 19 16 457 246 210
555 21 46 444 250 262
555 22 1487 527 432 383
555 23 287 288 340 276
556 10 317 501 278 293
556 12 402 649 482 422
556 16 798 478 368 375
556 19 0 461 253 269
556 21 46 444 250 262
556 22 1458 536 446 383
556 23 287 288 340 276
557 10 300 506 276 292
557 12 375 655 478 417
557 16 776 485 368 375
557 19 0 472 247 263
557 21 46 444 250 262
557 22 1440 540 435 383
557 23 240 303 336 276
558 10 279 516 274 284
558 12 350 662 474 409
558 16 752 491 362 378
558 19 0 479 224 268
558 22 1413 542 431 383
558 23 228 309 339 275
559 10 260 523 271 276
559 12 319 671 474 403
559 16 728 500 359 374
559 19 0 479 224 268
559 22 1385 553 429 378
559 23 228 309 339 275
560 10 232 526 272 259
560 12 281 678 467 395
560 16 699 503 355 374
560 19 0 479 224 268
560 22 1352 565 424 370
560 23 228 309 339 275
561 10 207 529 270 256
561 12 243 680 472 392
561 16 671 507 352 373
561 19 0 479 224 268
561 22 1329 569 408 367
561 23 228 309 339 275
562 10 187 530 271 254
562 12 217 681 468 393
562 16 652 511 353 371
562 19 0 479 224 268
562 22 1302 573 411 367
562 23 228 309 339 275
563 10 166 532 269 235
563 12 186 684 444 388
563 16 624 514 351 368
563 22 1276 576 406 369
563 24 144 327 334 284
564 10 135 532 270 224
564 12 144 682 461 390
564 16 594 516 347 369
564 22 1242 579 400 369
564 24 123 327 339 288
565 10 112 531 267 216
565 12 111 677 462 394
565 16 567 515 341 367
565 22 1213 580 396 364
565 24 123 327 339 288
566 10 93 527 270 209
566 12 85 674 461 394
566 16 547 512 339 363
566 22 1196 572 391 363
566 24 93 327 344 289
567 10 77 522 266 197
567 12 60 660 461 409
567 16 526 503 339 365
567 22 1174 561 396 366
567 24 93 327 344 289
568 10 63 513 264 193
568 12 36 649 463 423
568 16 509 493 340 363
568 22 1158 549 390 364
568 24 93 327 344 289
569 10 45 503 267 180
569 12 13 634 460 435
569 16 481 481 348 365
569 22 1141 540 386 364
569 24 93 327 344 289
570 10 34 496 264 172
570 12 0 624 446 447
570 16 438 474 370 356
570 22 1121 529 385 368
570 24 93 327 344 289
571 10 34 496 264 172
571 12 0 614 423 459
571 16 450 464 333 360
571 22 1103 520 386 359
572 10 34 496 264 172
572 12 0 601 405 472
572 16 427 454 347 359
572 22 1089 510 386 360
573 10 34 496 264 172
573 12 0 588 392 475
573 16 423 444 340 357
573 22 1081 499 384 355
573 23 1018 352 199 248
574 10 34 496 264 172
574 12 0 588 392 475
574 16 408 429 342 357
574 22 1068 482 386 359
574 23 1018 352 199 248
575 12 0 588 392 475
575 16 403 413 331 356
575 22 1057 468 382 359
575 23 1018 352 199 248
575 24 22 258 346 296
576 12 0 588 392 475
576 16 391 401 330 354
576 22 1044 458 383 353
576 23 999 316 204 249
576 24 25 248 322 296
577 12 0 588 392 475
577 16 396 392 320 350
577 22 1043 447 384 347
577 23 999 316 204 249
577 24 25 248 322 296
578 16 400 379 316 352
578 22 1044 438 382 343
578 23 999 316 204 249
578 24 25 248 322 296
579 16 395 367 317 348
579 22 1039 429 377 339
579 23 999 316 204 249
579 24 25 248 322 296
580 16 391 354 311 348
580 22 1031 420 379 328
580 23 999 316 204 249
580 24 25 248 322 296
581 16 392 351 306 346
581 22 1025 418 383 343
582 16 387 354 308 344
582 22 1025 418 383 343
582 23 99 212 300 301
583 16 382 360 302 345
583 22 1025 418 383 343
583 23 102 215 286 301
583 24 1438 510 480 565
584 16 384 367 293 344
584 22 997 436 384 327
584 23 115 227 278 300
584 24 1419 523 499 551
584 25 1004 305 217 152
584 26 22 382 250 238
585 16 383 374 286 338
585 22 996 440 376 335
585 23 115 227 278 300
585 24 1404 525 492 548
585 25 1003 311 220 147
585 26 26 382 251 245
586 16 375 375 286 337
586 22 986 441 373 331
586 23 115 227 278 300
586 24 1404 525 492 548
586 25 1003 311 220 147
586 26 26 384 250 244
587 16 377 376 282 335
587 22 984 442 369 327
587 23 115 227 278 300
587 24 1373 529 491 546
587 25 1001 314 220 145
587 26 34 387 247 239
588 16 376 374 279 334
588 22 977 441 368 328
588 23 115 227 278 300
588 24 1359 532 485 543
588 25 1001 312 221 147
588 26 38 383 246 241
589 16 376 374 276 333
589 22 964 443 375 322
589 24 1347 535 480 536
589 25 1000 312 223 149
589 26 48 380 237 240
590 16 382 376 274 332
590 22 970 448 368 326
590 24 1337 543 480 530
590 25 1006 317 226 150
590 26 60 382 233 239
591 16 385 380 270 330
591 22 967 456 367 324
591 24 1323 557 478 516
591 25 1007 325 226 151
591 26 70 384 231 238
592 16 395 385 263 328
592 22 970 464 363 326
592 24 1321 571 471 501
592 25 1007 325 226 151
592 26 83 387 228 237
593 16 413 396 261 325
593 22 982 472 358 326
593 24 1324 586 474 486
593 25 1007 325 226 151
593 26 107 397 225 235
594 16 413 396 261 325
594 22 983 480 356 326
594 24 1318 595 469 479
594 25 1007 325 226 151
594 26 122 398 219 237
594 27 0 374 132 152
595 16 413 396 261 325
595 22 989 485 357 321
595 24 1324 605 463 470
595 25 1007 325 226 151
595 26 139 410 219 231
595 27 0 379 152 152
595 28 1043 350 224 169
596 16 413 396 261 325
596 22 998 494 359 323
596 24 1324 613 464 462
596 26 162 420 214 228
596 27 0 388 174 147
596 28 1056 360 224 167
596 29 0 516 316 377
596 30 766 680 477 399
596 31 272 268 239 274
597 16 413 396 261 325
597 22 998 496 356 328
597 24 1318 618 460 456
597 26 172 422 211 225
597 27 1 391 183 144
597 28 1059 360 222 173
597 29 5 518 315 373
597 30 759 684 472 392
597 31 272 268 239 274
598 22 1001 497 351 332
598 24 1313 622 455 453
598 26 183 423 210 223
598 27 14 391 179 144
598 28 1061 361 222 177
598 29 15 518 317 370
598 30 758 687 468 389
598 31 272 268 239 274
599 22 1011 502 344 332
599 24 1316 628 451 447
599 26 199 424 209 223
599 27 38 392 174 145
599 28 1075 362 220 187
599 29 33 521 312 368
599 30 770 691 457 386
599 31 272 268 239 274
600 22 1014 506 344 338
600 24 1308 633 449 443
600 26 212 424 205 225
600 27 50 396 173 142
600 28 1075 362 220 187
600 29 46 523 311 363
600 30 764 698 452 379
600 31 272 268 239 274
601 22 1007 505 340 347
601 24 1294 639 443 434
601 26 211 427 205 218
601 27 50 390 173 145
601 28 1074 369 220 209
601 29 46 520 304 359
601 30 749 701 451 376
602 22 1006 507 338 340
602 24 1289 645 438 428
602 26 216 421 203 221
602 27 58 384 172 144
602 28 1074 369 220 209
602 29 54 518 305 356
602 30 746 701 444 376
603 22 1011 505 335 345
603 24 1289 645 434 428
603 26 230 420 199 219
603 27 69 381 171 143
603 28 1081 368 220 220
603 29 71 515 294 356
603 30 747 700 440 377
604 22 1006 504 333 345
604 24 1275 641 431 434
604 26 233 414 198 219
604 27 76 377 168 144
604 28 1082 363 219 221
604 29 69 513 297 352
604 30 739 699 437 378
605 22 1006 502 331 345
605 24 1271 639 431 437
605 26 237 413 196 218
605 27 77 376 172 144
605 28 1081 359 221 227
605 29 77 510 294 355
605 30 738 700 436 377
606 22 1014 501 330 346
606 24 1270 643 436 432
606 26 248 411 197 218
606 27 83 376 180 143
606 28 1090 361 216 225
606 29 90 512 297 351
606 30 744 699 433 378
607 22 1018 500 328 348
607 24 1272 644 433 431
607 26 258 407 196 216
607 27 109 373 163 140
607 28 1096 359 222 211
607 29 100 508 290 348
607 30 744 701 432 377
608 22 1015 496 326 345
608 24 1255 646 437 429
608 26 257 401 196 216
608 27 110 366 162 140
608 28 1096 359 222 211
608 29 97 502 291 348
608 30 733 701 432 377
609 22 1019 501 326 348
609 24 1261 653 432 422
609 26 262 400 196 215
609 27 114 364 165 145
609 28 1097 357 224 240
609 29 102 503 290 347
609 30 734 707 429 370
610 22 1022 505 324 348
610 24 1265 666 428 408
610 26 275 402 192 216
610 27 124 364 163 149
610 28 1103 363 225 225
610 29 114 507 284 344
610 30 739 721 420 354
611 22 1018 517 320 348
611 24 1254 683 427 390
611 26 274 405 190 216
611 27 123 364 164 151
611 28 1101 368 223 226
611 29 114 511 283 345
611 30 731 734 417 340
612 22 1018 532 319 345
612 24 1253 706 428 366
612 26 280 413 192 219
612 27 122 373 175 153
612 28 1104 384 223 225
612 29 119 520 281 345
612 30 733 755 409 320
613 22 1022 541 312 347
613 24 1245 718 426 354
613 26 285 418 188 217
613 27 125 375 177 160
613 28 1106 394 225 237
613 29 125 525 279 341
613 30 729 764 406 312
613 31 0 443 198 238
614 22 1017 544 310 346
614 24 1239 726 423 347
614 26 285 422 189 214
614 27 100 375 205 164
614 28 1105 395 226 229
614 29 128 528 278 339
614 30 728 773 401 304
614 31 0 444 200 238
615 22 1024 546 310 344
615 24 1244 727 421 346
615 26 298 420 188 218
615 27 128 379 189 169
615 28 1117 391 221 233
615 29 145 532 270 335
615 30 733 776 398 301
615 31 0 447 214 237
615 32 410 259 226 278
616 22 1018 541 305 341
616 24 1234 725 413 348
616 26 299 419 185 213
616 27 120 374 196 174
616 28 1112 386 222 233
616 29 144 528 270 336
616 30 721 772 398 305
616 31 0 442 214 236
616 32 410 259 226 278
616 33 156 375 162 131
617 22 1008 538 303 332
617 24 1234 725 413 348
617 26 289 411 189 211
617 27 108 365 202 167
617 28 1101 388 221 212
617 29 132 521 271 332
617 30 710 765 392 312
617 31 0 435 207 232
617 32 410 259 226 278
617 33 156 375 162 131
618 22 1002 532 299 338
618 24 1234 725 413 348
618 26 290 407 185 209
618 27 137 360 173 167
618 28 1097 379 225 228
618 29 132 516 269 329
618 30 701 759 392 318
618 31 0 426 208 232
618 32 410 259 226 278
618 33 156 375 162 131
619 22 997 522 296 333
619 24 1234 725 413 348
619 26 287 398 186 208
619 27 102 352 207 169
619 28 1097 379 225 228
619 29 131 506 271 321
619 30 685 745 395 333
619 31 0 416 206 232
619 32 410 259 226 278
619 33 156 375 162 131
620 22 997 522 296 333
620 24 1174 690 400 386
620 26 280 379 186 211
620 27 116 334 185 163
620 28 1097 379 225 228
620 29 120 487 275 329
620 30 670 725 390 353
620 31 0 400 197 232
620 33 156 375 162 131
621 22 981 496 287 328
621 24 1169 673 394 403
621 26 280 374 185 203
621 27 93 324 207 157
621 28 1081 351 224 229
621 29 121 475 274 324
621 30 666 710 391 368
621 31 0 391 196 227
621 34 396 208 226 272
622 22 975 484 278 327
622 24 1158 658 386 414
622 26 280 358 184 210
622 27 101 316 200 157
622 28 1078 338 222 224
622 29 122 464 271 317
622 30 657 693 389 385
622 31 0 378 198 228
622 34 398 201 214 266
623 22 961 476 270 326
623 24 1158 658 386 414
623 26 267 349 189 209
623 27 87 306 204 148
623 28 1078 338 222 224
623 29 114 452 263 319
623 30 641 675 393 401
623 31 0 370 186 226
623 34 398 201 214 266
624 22 961 476 270 326
624 24 1158 658 386 414
624 26 269 347 186 205
624 27 87 306 204 148
624 28 1078 338 222 224
624 29 113 446 263 319
624 30 639 662 390 415
624 31 0 364 187 225
624 34 385 189 230 272
625 22 947 457 274 322
625 24 1158 658 386 414
625 26 266 335 184 208
625 27 87 306 204 148
625 28 1059 322 221 231
625 29 108 435 265 316
625 30 625 644 388 434
625 31 0 364 187 225
625 34 385 189 230 272
626 22 947 457 274 322
626 24 1158 658 386 414
626 26 254 324 186 209
626 27 87 306 204 148
626 28 1048 313 217 225
626 29 96 418 268 315
626 30 613 617 387 459
626 31 0 364 187 225
626 34 385 189 230 272
626 35 116 283 160 136
627 22 947 457 274 322
627 26 251 317 184 206
627 27 87 306 204 148
627 28 1043 303 217 220
627 29 95 407 265 315
627 30 610 594 387 480
627 31 0 364 187 225
627 34 385 189 230 272
627 35 116 280 157 134
627 36 115 280 158 93
628 22 947 457 274 322
628 26 251 310 181 206
628 28 1043 303 217 220
628 29 90 397 267 311
628 30 610 594 387 480
628 31 0 364 187 225
628 34 385 189 230 272
628 35 115 274 153 129
628 36 115 280 158 93
629 22 947 457 274 322
629 26 237 303 185 203
629 28 1043 303 217 220
629 29 79 387 272 308
629 30 610 594 387 480
629 35 87 267 174 126
629 36 115 280 158 93
630 26 230 289 185 208
630 28 1043 303 217 220
630 29 69 375 272 308
630 30 610 594 387 480
630 35 93 261 158 123
630 36 115 280 158 93
631 26 227 280 183 209
631 28 1043 303 217 220
631 29 66 362 267 309
631 30 610 594 387 480
631 35 94 254 152 98
631 36 115 280 158 93
631 37 905 377 245 306
631 38 1010 260 221 219
632 26 227 280 183 209
632 29 61 351 265 306
632 35 82 241 161 106
632 37 905 377 245 306
632 38 1005 246 222 212
633 26 210 260 189 208
633 29 52 335 268 309
633 35 74 234 156 94
633 37 905 377 245 306
633 38 1005 246 222 212
634 26 207 256 191 202
634 29 49 327 271 305
634 35 75 229 153 97
634 37 905 377 245 306
634 38 1005 246 222 212
635 26 207 247 185 202
635 29 43 309 270 306
635 35 69 216 156 91
635 37 905 377 245 306
635 38 1005 246 222 212
636 26 189 229 189 207
636 29 22 292 279 306
636 35 69 216 156 91
636 38 1005 246 222 212
637 26 189 225 187 201
637 29 20 278 280 308
637 35 69 216 156 91
637 39 48 194 159 88
638 26 194 217 186 200
638 29 29 272 275 305
638 35 69 216 156 91
638 39 52 189 159 88
639 26 187 208 183 196
639 29 15 254 274 308
639 35 69 216 156 91
639 39 52 189 159 88
640 26 176 200 186 198
640 29 3 243 280 307
640 39 52 189 159 88
641 26 189 196 183 201
641 29 19 239 271 304
641 39 52 189 159 88
642 26 191 189 186 203
642 29 20 235 274 300
642 39 52 189 159 88
642 40 978 167 224 163
643 26 191 180 182 202
643 29 15 224 276 303
643 40 978 167 224 163
643 41 310 69 210 184
644 26 188 177 185 199
644 29 14 215 274 300
644 40 978 167 224 163
644 41 310 69 210 184
645 26 191 170 182 199
645 29 16 207 274 298
645 40 978 167 224 163
645 41 310 69 210 184
646 26 190 166 182 202
646 29 13 202 276 301
646 40 978 167 224 163
646 41 310 69 210 184
647 26 187 168 181 201
647 29 6 198 276 306
647 40 977 161 225 131
647 41 310 69 210 184
648 26 186 170 181 202
648 29 2 198 278 307
648 40 977 161 225 131
649 26 185 176 184 204
649 29 6 206 277 305
649 40 977 161 225 131
650 26 184 179 183 204
650 29 3 208 277 307
650 40 977 161 225 131
651 26 184 179 183 204
651 29 2 208 274 309
651 40 977 161 225 131
652 26 176 181 185 204
652 29 0 210 269 310
653 26 172 182 187 207
653 29 0 213 268 311
654 26 168 182 187 206
654 29 0 211 265 312
655 26 160 180 188 204
655 29 0 203 259 313
656 26 151 175 187 202
656 29 0 203 259 313
656 30 958 181 225 116
657 26 149 177 187 201
657 29 0 203 259 313
657 30 958 181 225 116
658 26 145 178 188 204
658 29 0 203 259 313
658 30 958 181 225 116
659 26 143 180 188 206
659 29 0 203 259 313
659 30 958 181 225 116
660 26 137 181 194 208
660 30 958 181 225 116
661 26 139 181 191 208
662 26 138 182 191 206
663 26 138 182 191 206
663 27 376 177 220 275
664 26 138 182 191 206
664 27 376 177 220 275
665 26 138 182 191 206
665 27 376 177 220 275
666 26 134 183 188 206
666 27 376 177 220 275
667 26 132 185 188 206
667 27 376 177 220 275
668 26 126 184 189 206
669 26 126 184 189 206
670 26 126 184 189 206
671 26 126 184 189 206
671 27 254 72 213 243
672 26 126 184 189 206
672 27 249 71 210 244
673 26 111 178 187 204
673 27 249 71 210 244
674 26 111 178 187 204
674 27 249 71 210 244
675 26 111 178 187 204
675 27 249 71 210 244
675 28 345 168 223 276
676 26 105 176 191 205
676 27 249 71 210 244
676 28 346 167 222 277
677 26 105 175 193 204
677 28 348 166 220 275
678 26 105 175 193 204
678 28 349 166 222 272
679 26 105 175 193 204
679 28 349 164 219 272
680 26 105 175 193 204
680 28 347 159 222 277
681 26 105 175 193 204
681 28 347 159 222 277
682 26 109 165 187 204
682 28 340 155 227 282
683 26 103 170 190 204
683 28 340 159 225 278
684 26 101 173 190 206
684 28 340 159 225 278
685 26 105 178 186 202
685 28 339 167 225 277
686 26 105 178 186 202
686 28 340 169 225 277
687 26 105 178 186 202
687 28 343 171 224 276
688 26 105 178 186 202
688 28 351 173 220 273
689 26 121 178 179 203
689 28 352 168 220 275
690 26 121 178 179 203
690 28 359 167 219 272
691 26 121 178 179 203
691 28 359 167 219 272
692 26 121 178 179 203
692 28 359 167 219 272
693 26 121 178 179 203
693 28 359 167 219 272
694 28 359 167 219 272
699 1 0 236 257 318
700 1 0 236 257 318
700 2 159 228 189 204
701 1 0 258 266 315
701 2 167 236 185 204
702 1 0 271 269 308
702 2 171 244 186 202
703 1 2 279 271 304
703 2 171 244 186 202
704 1 3 280 273 308
704 2 182 253 182 199
704 3 976 257 224 114
705 1 13 285 268 305
705 2 191 254 179 202
705 3 976 257 224 114
706 1 19 284 268 310
706 2 197 258 176 199
706 3 976 257 224 114
707 1 22 288 271 310
707 2 202 263 177 201
707 3 976 257 224 114
708 1 28 298 275 304
708 2 205 266 179 202
708 3 976 257 224 114
709 1 32 301 270 304
709 2 204 271 181 200
710 1 35 306 269 305
710 2 203 276 184 199
711 1 35 311 269 304
711 2 203 279 184 200
712 1 39 316 263 306
712 2 205 282 184 200
713 1 40 322 263 302
713 2 208 287 181 199
713 3 993 356 177 213
714 1 40 324 263 302
714 2 208 287 181 199
714 3 993 356 177 213
715 1 38 324 264 301
715 2 208 287 181 199
715 3 993 358 183 220
716 1 40 323 262 302
716 2 208 287 181 199
716 3 997 361 178 217
717 1 41 322 261 302
717 2 210 286 181 201
717 3 997 361 178 217
718 1 45 317 262 304
718 2 218 284 177 201
718 3 997 361 178 217
719 1 47 313 263 303
719 2 218 280 179 201
719 3 997 361 178 217
720 1 50 308 262 303
720 2 220 278 178 202
720 3 997 361 178 217
721 1 52 305 263 302
721 2 220 278 178 202
722 1 56 302 262 300
722 2 220 278 178 202
722 3 1028 343 399 439
723 1 58 285 264 306
723 2 220 278 178 202
723 3 1029 337 402 429
723 4 1024 229 349 281
724 1 60 282 263 303
724 2 220 278 178 202
724 3 1026 334 405 419
724 4 1024 229 349 281
725 1 59 278 267 302
725 3 1026 334 405 419
725 4 1024 229 349 281
726 1 53 279 270 300
726 3 1026 334 405 419
726 4 1024 229 349 281
727 1 50 278 272 303
727 3 1006 336 418 371
727 4 1024 229 349 281
728 1 49 282 266 304
728 3 1006 336 418 371
729 1 47 285 267 305
729 3 997 335 419 354
730 1 50 290 265 307
730 3 996 359 421 328
731 1 50 297 266 305
731 3 994 345 426 337
732 1 52 298 265 304
732 3 988 343 437 333
733 1 59 296 264 304
733 3 987 334 442 338
734 1 63 294 260 306
734 3 985 330 449 338
734 4 237 265 175 200
735 1 63 298 264 303
735 3 985 330 449 338
735 4 237 265 175 200
736 1 64 300 263 305
736 3 985 330 449 338
736 4 237 265 175 200
737 1 62 304 262 306
737 3 985 330 449 338
737 4 235 275 176 200
738 1 60 309 265 305
738 3 985 330 449 338
738 4 232 277 179 203
739 1 58 313 265 306
739 4 232 277 179 203
740 1 58 316 266 306
740 4 232 277 179 203
741 1 59 317 265 306
741 4 229 282 182 205
742 1 61 315 263 307
742 4 229 282 182 205
743 1 62 313 264 306
743 4 229 282 182 205
744 1 64 311 264 305
744 4 238 277 177 205
745 1 65 309 263 305
745 4 238 277 178 201
746 1 68 306 263 306
746 4 240 276 177 200
747 1 65 304 265 306
747 4 240 275 177 199
748 1 64 303 264 305
748 4 238 272 177 201
749 1 64 300 264 307
749 4 237 272 177 200
750 1 61 302 264 308
750 4 237 273 174 200
751 1 62 306 264 307
751 4 236 277 177 200
752 1 61 310 264 307
752 4 235 277 177 204
753 1 57 312 266 307
753 4 229 278 180 205
754 1 54 314 268 309
754 4 229 278 180 205
755 1 52 317 268 308
755 4 229 278 180 205
756 1 48 321 269 305
756 4 229 278 180 205
757 1 46 325 272 304
757 4 229 278 180 205
758 1 45 326 269 304
759 1 43 325 268 306
760 1 41 325 268 306
761 1 44 326 268 305
762 1 45 327 269 305
763 1 45 328 270 305
764 1 49 329 268 305
765 1 51 328 270 303
766 1 53 324 270 303
767 1 56 321 267 305
768 1 56 324 267 304
769 1 52 327 270 305
770 1 52 331 268 310
771 1 52 336 265 313
772 1 49 334 265 315
773 1 49 336 266 314
774 1 47 335 268 311
775 1 48 331 265 311
776 1 52 331 265 311
776 2 228 303 178 199
777 1 52 332 267 310
777 2 228 303 178 199
778 1 52 332 266 310
778 2 228 303 178 199
779 1 51 330 267 308
779 2 228 303 178 199
780 1 50 331 268 306
780 2 228 300 179 199
781 1 49 330 267 307
781 2 227 300 178 199
782 1 50 330 265 308
782 2 227 300 178 199
783 1 50 330 265 308
783 2 227 300 178 199
784 1 48 330 267 306
784 2 224 299 179 200
785 1 48 329 267 306
785 2 224 299 179 200
786 1 49 328 268 306
786 2 226 297 179 200
787 1 46 328 269 305
787 2 225 294 178 202
788 1 50 328 269 306
788 2 225 294 178 202
789 1 50 329 269 305
789 2 226 296 181 201
790 1 50 328 269 307
790 2 226 296 180 202
791 1 51 330 267 306
791 2 226 298 180 200
792 1 52 332 269 306
792 2 226 298 180 200
793 1 53 332 263 309
793 2 228 302 177 199
794 1 53 333 265 309
794 2 228 302 177 199
795 1 53 335 266 309
795 2 228 302 177 199
796 1 54 333 265 309
796 2 228 302 177 199
797 1 55 331 265 307
797 2 228 302 177 199
798 1 57 328 267 307
798 2 231 297 178 199
799 1 57 329 267 306
799 2 231 297 178 199
800 1 62 328 263 311
800 2 235 299 177 200
801 1 63 329 262 311
801 2 235 300 177 200
802 1 60 330 265 311
802 2 233 303 176 196
803 1 60 333 264 310
803 2 230 304 178 197
804 1 58 335 264 311
804 2 230 305 177 196
805 1 58 335 264 312
805 2 230 305 177 196
806 1 58 333 266 309
806 2 230 305 177 196
807 1 56 332 265 309
807 2 229 304 178 197
808 1 56 333 265 309
808 2 229 304 178 197
809 1 55 334 265 311
809 2 229 304 176 200
810 1 54 337 264 311
810 2 229 304 176 200
811 1 52 339 265 311
811 2 229 304 176 200
812 1 54 343 263 311
812 2 229 304 176 200
813 1 54 344 264 308
813 2 229 304 176 200
814 1 54 343 264 309
815 1 56 340 265 309
816 1 62 339 261 310
817 1 62 336 262 311
818 1 63 332 263 311
819 1 66 334 260 311
820 1 64 340 259 310
821 1 61 346 262 306
822 1 56 347 266 307
823 1 54 348 265 307
824 1 55 349 266 306
825 1 54 349 267 308
826 1 58 349 264 307
827 1 59 349 263 307
827 2 93 280 154 77
828 1 58 350 264 308
828 2 95 281 152 77
829 1 58 351 265 309
829 2 95 281 152 77
830 1 61 353 262 308
830 2 95 285 152 77
831 1 57 353 266 308
831 2 93 285 154 77
832 1 61 356 263 307
832 2 95 287 152 76
833 1 59 359 264 310
833 2 95 287 152 76
833 3 227 323 180 201
834 1 55 362 265 309
834 2 95 287 152 76
834 3 225 324 181 204
835 1 56 364 266 309
835 2 95 287 152 76
835 3 226 325 180 206
836 1 56 366 266 307
836 2 98 296 150 76
836 3 227 326 179 205
837 1 56 365 266 308
837 2 96 295 151 76
837 3 227 325 179 206
838 1 58 367 264 307
838 2 97 296 151 77
838 3 227 326 179 205
839 1 56 370 264 305
839 2 93 297 153 77
839 3 227 326 179 205
840 1 53 373 269 303
840 2 89 299 156 79
840 3 224 331 179 204
841 1 52 371 268 304
841 2 87 298 155 79
841 3 223 330 179 204
842 1 51 367 267 306
842 2 87 298 155 79
842 3 223 330 179 204
843 1 50 365 267 308
843 2 87 298 155 79
843 3 219 327 181 200
843 4 791 408 402 328
844 1 50 366 266 307
844 2 87 298 155 79
844 3 220 326 179 204
844 4 806 408 387 328
845 1 50 367 265 307
845 2 87 298 155 79
845 3 220 327 178 204
845 4 806 408 387 328
846 1 48 366 267 307
846 3 220 327 178 204
846 4 806 408 387 328
847 1 47 368 266 306
847 3 220 327 178 204
847 4 806 408 387 328
848 1 45 372 269 303
848 3 220 327 178 204
848 4 806 408 387 328
849 1 46 375 267 303
849 3 219 333 179 204
850 1 45 376 266 303
850 3 217 335 178 202
850 4 81 302 154 78
851 1 45 374 265 305
851 3 217 334 178 202
851 4 81 302 154 78
852 1 45 375 265 304
852 3 217 333 179 203
852 4 81 302 154 78
853 1 45 375 265 304
853 3 216 334 179 204
853 4 81 301 154 79
854 1 44 377 265 305
854 3 215 336 179 203
854 4 81 301 154 79
855 1 45 378 261 306
855 3 215 336 179 203
855 4 81 301 154 79
856 1 45 379 262 308
856 3 215 336 179 203
856 4 81 301 154 79
857 1 46 380 263 310
857 3 215 336 179 203
857 4 81 301 154 79
858 1 46 382 263 311
858 3 215 336 179 203
859 1 47 381 265 310
860 1 52 379 262 309
860 2 224 345 175 199
861 1 54 379 262 308
861 2 226 345 175 201
862 1 57 380 261 307
862 2 226 346 177 199
863 1 57 379 263 308
863 2 227 345 177 200
864 1 57 379 263 305
864 2 227 342 177 200
865 1 57 379 262 306
865 2 225 342 178 201
866 1 58 380 261 308
866 2 226 346 177 198
867 1 57 382 261 310
867 2 228 350 174 195
868 1 58 385 260 311
868 2 229 352 173 195
869 1 59 388 261 310
869 2 230 352 174 196
870 1 62 389 259 308
870 2 232 352 173 195
871 1 65 384 258 309
871 2 232 350 175 195
871 3 99 312 153 78
871 4 959 540 238 222
872 1 66 380 259 308
872 2 235 345 176 198
872 3 102 312 150 75
872 4 960 537 240 225
873 1 68 380 259 308
873 2 238 345 174 198
873 3 103 310 150 77
873 4 960 537 240 225
874 1 64 379 260 308
874 2 235 344 175 199
874 3 103 310 149 78
874 4 960 537 240 225
875 1 62 381 260 311
875 2 232 346 174 198
875 3 99 312 150 76
875 4 960 537 240 225
876 1 58 385 261 313
876 2 229 351 174 196
876 3 99 312 150 76
876 4 960 537 240 225
877 1 54 391 262 306
877 2 229 355 172 199
877 3 99 312 150 76
878 1 52 395 262 305
878 2 225 357 174 199
878 3 88 320 156 79
879 1 50 393 263 305
879 2 225 357 174 199
879 3 88 320 156 79
880 1 53 391 261 309
880 2 226 354 174 196
880 3 88 320 156 79
881 1 54 387 260 309
881 2 226 351 174 199
881 3 88 320 156 79
882 1 54 385 261 310
882 2 226 351 175 199
882 3 88 320 156 79
883 1 58 387 259 311
883 2 230 351 173 200
883 3 94 315 153 77
884 1 56 389 260 310
884 2 229 351 173 200
884 3 94 315 153 77
884 4 835 459 352 309
885 1 57 390 259 308
885 2 229 352 174 200
885 3 94 315 153 78
885 4 835 459 352 309
886 1 57 393 260 306
886 2 229 354 174 199
886 3 95 317 152 77
886 4 816 446 370 322
887 1 56 393 259 306
887 2 228 355 174 198
887 3 95 318 152 76
887 4 829 445 357 323
888 1 53 389 262 308
888 2 227 354 173 199
888 3 95 318 152 76
888 4 826 445 359 323
889 1 53 395 261 306
889 2 228 355 171 199
889 3 95 318 152 76
889 4 865 446 321 322
890 1 53 396 261 307
890 2 224 357 176 201
890 3 95 318 152 76
890 4 870 447 316 323
891 1 53 400 261 307
891 2 221 358 178 204
891 3 87 325 158 80
891 4 869 451 317 322
892 1 54 401 260 307
892 2 221 358 178 204
892 3 90 329 155 78
892 4 870 453 317 322
893 1 57 400 259 306
893 2 223 360 180 202
893 3 92 326 155 80
893 4 868 453 321 322
894 1 59 398 260 307
894 2 228 359 178 199
894 3 98 324 151 77
894 4 868 453 321 322
895 1 60 397 259 306
895 2 231 356 176 200
895 3 99 322 151 76
895 4 868 453 321 322
896 1 61 398 258 305
896 2 233 355 174 201
896 3 99 320 152 78
896 4 868 453 321 322
897 1 61 398 258 305
897 2 232 357 175 201
897 3 100 323 151 77
897 4 868 453 321 322
898 1 62 401 258 307
898 2 232 357 175 201
898 3 100 326 150 78
899 1 58 405 261 306
899 2 227 364 178 203
899 3 97 329 151 81
900 1 56 407 262 308
900 2 225 365 178 203
900 3 97 329 151 81
901 1 57 406 260 307
901 2 224 365 178 202
901 3 97 329 151 81
902 1 57 404 261 308
902 2 226 364 177 203
902 3 94 329 154 81
903 1 57 405 261 306
903 2 226 364 177 203
903 3 90 330 158 80
904 1 59 405 261 306
904 2 227 364 179 202
904 3 98 329 150 81
905 1 60 405 261 306
905 2 229 364 177 203
905 3 93 330 156 81
906 1 61 405 259 306
906 2 229 364 177 203
906 3 95 330 154 80
907 1 61 405 259 306
907 2 229 364 177 203
907 3 94 330 155 80
908 1 58 406 260 308
908 2 229 364 177 203
908 3 93 330 156 81
909 1 58 406 260 309
909 2 227 365 178 202
909 3 92 331 156 81
910 1 56 407 259 311
910 2 222 367 180 203
910 3 89 333 159 80
911 1 54 408 261 311
911 2 222 367 180 203
911 3 89 333 159 80
912 1 50 411 263 309
912 2 221 370 179 203
912 3 89 333 159 80
913 1 51 411 261 309
913 2 220 370 179 203
913 3 89 333 159 80
914 1 51 411 262 309
914 2 221 370 179 202
914 3 89 333 159 80
915 1 51 410 262 310
915 2 220 369 180 203
916 1 54 409 260 311
916 2 220 369 180 203
916 3 87 334 159 80
916 4 351 260 203 243
917 1 55 407 259 312
917 2 220 368 181 202
917 3 87 334 159 80
917 4 351 259 202 243
918 1 52 408 262 311
918 2 220 367 180 203
918 3 87 334 159 80
918 4 350 258 203 246
919 1 52 406 262 311
919 2 220 367 180 203
919 3 86 331 160 80
919 4 350 258 203 246
920 1 51 403 262 310
920 2 220 367 180 203
920 3 88 328 157 81
920 4 350 258 203 246
921 1 51 401 260 311
921 2 220 367 180 203
921 3 86 327 156 80
921 4 350 258 203 246
922 1 48 403 264 311
922 2 220 367 180 203
922 3 82 329 159 82
922 4 350 258 203 246
923 1 44 408 267 310
923 3 85 332 150 79
924 1 45 411 264 309
924 3 81 335 156 81
924 4 214 368 181 206
925 1 47 414 262 306
925 3 78 336 159 80
925 4 217 370 178 204
926 1 46 413 262 307
926 3 79 336 157 80
926 4 216 369 179 205
927 1 46 412 263 308
927 3 81 335 157 81
927 4 214 370 179 204
928 1 45 412 264 308
928 3 79 335 157 80
928 4 215 368 179 206
929 1 45 414 258 307
929 3 76 336 157 80
929 4 211 372 180 202
930 1 42 417 259 306
930 3 72 339 160 81
930 4 210 373 179 204
931 1 38 420 265 306
931 3 70 340 159 83
931 4 210 375 177 204
932 1 36 423 265 306
932 3 72 341 155 82
932 4 207 376 177 202
932 5 889 480 262 311
933 1 33 423 266 306
933 3 71 341 155 82
933 4 207 377 177 201
933 5 889 480 262 311
934 1 30 422 268 305
934 3 70 341 155 82
934 4 205 375 178 203
934 5 889 480 262 311
934 6 549 794 398 282
935 1 37 422 264 306
935 3 72 341 155 82
935 4 205 375 178 203
935 5 888 481 252 311
935 6 549 794 398 282
936 1 37 423 263 306
936 3 73 342 154 81
936 4 205 375 178 203
936 5 889 483 252 309
936 6 550 795 398 281
937 1 39 423 263 306
937 3 75 344 154 79
937 4 210 376 176 203
937 5 890 485 263 307
937 6 550 795 398 281
938 1 42 423 261 305
938 3 77 344 153 80
938 4 210 376 176 203
938 5 890 482 253 308
938 6 550 795 398 281
938 7 997 261 521 512
939 1 41 422 262 305
939 3 75 342 154 81
939 4 210 376 176 203
939 5 890 481 247 307
939 6 550 795 398 281
939 7 997 261 521 512
940 1 41 423 262 305
940 3 74 344 155 80
940 4 210 376 176 203
940 5 888 481 250 306
940 6 550 789 399 288
940 7 997 261 521 512
941 1 40 425 260 306
941 3 72 347 154 79
941 4 210 376 176 203
941 5 887 481 250 307
941 6 550 789 399 288
941 7 997 261 521 512
942 1 37 427 261 305
942 3 68 351 157 79
942 4 204 382 179 202
942 5 886 479 252 306
942 6 550 789 399 288
942 7 997 261 521 512
943 1 27 426 261 304
943 3 60 349 156 79
943 4 199 382 178 201
943 5 878 473 253 303
943 6 550 789 399 288
944 1 21 422 258 306
944 3 55 348 155 79
944 4 194 380 177 200
944 5 871 471 256 302
944 6 550 789 399 288
945 1 16 423 262 301
945 3 51 348 154 77
945 4 187 376 179 202
945 5 867 466 257 297
946 1 6 415 269 303
946 3 51 348 154 77
946 4 182 373 178 201
946 5 862 458 264 299
947 1 6 406 266 302
947 3 51 348 154 77
947 4 179 367 180 198
947 5 863 449 263 301
947 6 963 363 215 188
948 1 10 398 264 299
948 3 51 348 154 77
948 4 186 358 176 198
948 5 862 440 270 299
948 6 969 357 212 188
949 1 19 383 259 304
949 3 51 348 154 77
949 4 188 351 176 194
949 5 864 430 268 299
949 6 972 350 211 193
950 1 19 377 258 300
950 4 190 344 178 194
950 5 866 424 270 292
950 6 972 350 211 193
951 1 20 372 262 298
951 4 189 335 180 198
951 5 865 416 271 293
951 6 972 350 211 193
952 1 21 364 262 297
952 4 192 328 177 198
952 5 862 410 273 294
952 6 972 350 211 193
953 1 25 359 256 299
953 4 189 325 178 198
953 5 859 402 271 293
953 6 971 324 209 172
954 1 21 358 260 295
954 4 187 324 179 196
954 5 863 400 269 290
954 6 967 318 214 177
955 1 24 354 258 295
955 4 187 323 179 196
955 5 862 396 270 287
955 6 964 314 216 183
956 1 23 354 258 293
956 4 188 322 176 195
956 5 858 393 268 288
956 6 964 314 216 183
957 1 22 351 257 294
957 4 188 322 176 195
957 5 858 391 264 289
957 6 964 314 216 183
958 1 21 349 257 291
958 4 189 318 173 191
958 5 858 389 264 288
958 6 964 314 216 183
959 1 23 347 256 289
959 4 189 314 174 192
959 5 860 384 262 289
959 6 964 314 216 183
960 1 23 337 258 297
960 4 192 312 171 191
960 5 852 380 272 289
961 1 24 334 260 296
961 4 192 312 171 191
961 5 857 378 269 288
962 1 28 334 256 291
962 4 194 303 172 197
962 5 859 376 269 285
963 1 25 330 259 291
963 4 194 303 172 197
963 5 863 371 265 287
964 1 25 329 260 286
964 4 194 303 172 197
964 5 865 366 259 288
965 1 28 327 259 288
965 4 194 303 172 197
965 5 865 366 258 288
966 1 26 329 257 290
966 4 194 303 172 197
966 5 866 367 255 289
967 1 26 329 257 290
967 5 862 370 253 289
968 1 24 332 258 290
968 5 858 371 253 288
969 1 24 332 258 290
969 5 856 370 251 287
970 1 20 331 255 294
970 5 855 372 249 287
971 1 13 328 261 299
971 5 853 373 249 286
972 1 13 333 260 297
972 5 852 375 250 285
973 1 12 331 261 298
973 5 851 376 252 284
974 1 10 331 260 296
974 5 851 374 251 285
975 1 10 331 260 296
975 5 848 374 253 285
976 1 8 331 260 297
976 5 847 375 254 287
977 1 9 333 259 299
977 5 836 377 262 291
978 1 4 334 262 300
978 5 837 380 257 292
979 1 2 340 261 298
979 5 837 388 254 292
980 1 0 344 256 300
980 5 836 393 252 290
981 1 0 346 255 300
981 5 835 396 251 294
981 6 938 315 215 174
982 1 0 346 255 300
982 5 817 444 245 294
982 6 938 315 215 174
982 7 143 348 178 198
982 8 918 351 219 187
982 9 0 315 160 87
982 10 497 748 368 283
983 1 0 346 255 300
983 5 816 448 246 295
983 6 938 315 215 174
983 7 141 353 183 196
983 8 918 358 216 185
983 9 0 319 159 89
983 10 496 755 368 285
984 1 0 409 244 303
984 5 815 453 247 295
984 6 938 315 215 174
984 7 142 355 181 197
984 8 918 358 216 185
984 9 0 323 158 97
984 10 496 755 368 285
985 1 0 418 244 303
985 5 812 459 248 294
985 6 938 315 215 174
985 7 142 358 179 202
985 8 918 358 216 185
985 9 0 326 156 99
985 10 496 755 368 285
986 1 0 424 245 303
986 5 811 469 246 291
986 7 142 364 179 200
986 8 918 358 216 185
986 9 0 330 158 99
986 10 496 755 368 285
987 1 0 433 245 302
987 5 811 476 244 294
987 7 140 368 180 204
987 8 918 358 216 185
987 9 0 334 158 110
987 10 500 795 355 280
988 1 0 448 249 302
988 5 810 490 246 294
988 7 140 374 182 206
988 9 0 342 162 108
988 10 501 810 355 269
989 1 0 462 252 305
989 5 813 504 240 296
989 7 146 383 183 210
989 9 5 354 162 118
989 10 505 831 353 248
990 1 4 475 252 304
990 5 812 519 246 296
990 7 150 402 180 201
990 9 11 362 160 123
990 10 505 831 353 248
990 11 915 410 210 207
990 12 507 638 354 436
991 1 15 493 247 304
991 5 816 539 244 294
991 7 157 421 179 195
991 9 20 374 156 122
991 10 515 875 349 205
991 11 921 425 205 212
991 12 507 638 354 436
992 1 15 493 247 304
992 5 823 557 250 293
992 7 166 430 180 198
992 9 32 384 155 128
992 10 528 895 344 183
992 11 921 425 205 212
992 12 507 638 354 436
992 13 1003 685 333 392
993 1 37 524 243 303
993 5 828 574 247 298
993 7 166 430 180 198
993 9 44 398 153 131
993 10 528 895 344 183
993 11 921 425 205 212
993 12 507 638 354 436
993 13 1003 685 333 392
994 1 37 524 243 303
994 5 828 574 247 298
994 7 186 453 177 200
994 9 49 408 157 137
994 10 528 895 344 183
994 11 921 425 205 212
994 12 507 638 354 436
994 13 1003 685 333 392
995 1 65 557 243 301
995 5 846 612 252 295
995 7 186 453 177 200
995 9 67 420 151 148
995 10 528 895 344 183
995 11 921 425 205 212
995 13 1003 685 333 392
995 14 949 488 202 213
996 1 65 557 243 301
996 5 855 624 253 297
996 7 210 477 173 199
996 9 72 427 157 137
996 10 528 895 344 183
996 13 1003 685 333 392
996 14 957 501 204 208
996 15 569 790 335 286
997 1 65 557 243 301
997 5 868 641 250 296
997 7 225 488 171 200
997 9 43 441 199 141
997 14 970 508 203 222
997 15 588 810 329 269
998 1 65 557 243 301
998 5 882 651 253 296
998 7 239 503 172 196
998 9 55 450 202 169
998 14 979 516 203 214
998 15 609 826 325 253
999 1 65 557 243 301
999 5 887 661 258 297
999 7 245 510 173 196
999 9 76 457 187 167
999 14 985 522 203 215
999 15 622 842 316 238
1000 5 894 676 260 295
1000 7 257 520 169 196
1000 9 78 469 195 177
1000 14 985 522 203 215
1000 15 636 862 312 218
1000 16 0 530 176 213
1001 5 903 694 262 296
1001 7 268 535 167 197
1001 9 84 480 199 174
1001 14 1004 555 197 215
1001 15 650 882 308 198
1001 16 0 543 186 215
1001 17 134 480 148 138
1001 18 1107 868 310 212
1002 5 912 710 260 296
1002 7 277 550 166 196
1002 9 93 496 197 180
1002 14 1008 568 200 213
1002 15 664 906 298 172
1002 16 0 555 196 219
1002 17 134 480 148 138
1002 18 1107 868 310 212
1003 5 921 726 261 295
1003 7 287 564 165 194
1003 9 104 507 195 188
1003 14 1019 585 198 215
1003 15 664 906 298 172
1003 16 0 567 208 217
1003 17 134 480 148 138
1003 18 1107 868 310 212
1004 5 928 734 268 301
1004 7 299 566 164 197
1004 9 121 514 189 182
1004 14 1027 587 201 219
1004 15 664 906 298 172
1004 16 0 577 219 213
1004 17 134 480 148 138
1004 18 1107 868 310 212
1005 5 940 743 261 298
1005 7 308 574 164 196
1005 9 123 517 198 187
1005 14 1035 600 201 212
1005 15 664 906 298 172
1005 16 5 581 225 214
1005 17 134 480 148 138
1005 18 1107 868 310 212
1006 5 957 753 264 297
1006 7 325 580 162 195
1006 9 139 522 197 193
1006 14 1050 606 200 213
1006 15 664 906 298 172
1006 16 23 585 222 213
1007 5 971 761 258 300
1007 7 339 589 162 191
1007 9 162 527 188 191
1007 14 1062 612 199 215
1007 16 0 592 262 214
1008 5 975 771 266 300
1008 7 350 596 162 192
1008 9 167 532 193 194
1008 14 1072 626 202 205
1008 16 3 598 270 213
1009 5 990 782 267 292
1009 7 362 603 161 193
1009 9 178 540 195 205
1009 14 1083 630 200 212
1009 16 15 604 268 216
1010 5 1011 795 265 280
1010 7 383 613 160 193
1010 9 204 548 188 196
1010 14 1102 648 200 212
1010 16 42 614 266 215
1011 5 1032 803 262 274
1011 7 402 617 158 194
1011 9 221 556 188 204
1011 14 1123 649 195 212
1011 16 63 623 259 212
1012 5 1048 806 267 274
1012 7 418 620 156 195
1012 9 233 557 191 201
1012 14 1135 653 199 217
1012 16 79 625 262 212
1013 5 1068 813 271 267
1013 7 418 620 156 195
1013 9 253 562 192 203
1013 14 1154 667 199 207
1013 16 109 628 256 210
1013 17 256 560 189 128
1014 5 1090 822 273 258
1014 7 418 620 156 195
1014 9 277 566 191 200
1014 14 1178 667 200 212
1014 16 133 631 255 209
1014 17 256 560 189 128
1014 18 461 630 157 195
1015 5 1120 831 274 249
1015 7 418 620 156 195
1015 9 306 568 184 212
1015 14 1202 682 200 205
1015 16 161 636 252 210
1015 17 256 560 189 128
1015 18 485 635 158 196
1016 5 1149 841 270 239
1016 7 418 620 156 195
1016 9 328 573 189 209
1016 14 1227 682 204 216
1016 16 183 640 254 211
1016 17 256 560 189 128
1016 18 485 635 158 196
1016 19 367 573 146 138
1017 5 1178 851 273 229
1017 9 353 580 185 223
1017 14 1251 699 204 204
1017 16 213 648 249 210
1017 17 256 560 189 128
1017 18 485 635 158 196
1017 19 367 573 146 138
1017 20 535 647 155 190
1018 5 1201 859 279 221
1018 9 380 589 182 223
1018 14 1277 698 207 214
1018 16 241 655 247 208
1018 18 485 635 158 196
1018 19 367 573 146 138
1018 20 558 656 156 194
1019 5 1231 871 276 209
1019 9 399 594 186 232
1019 14 1297 697 212 222
1019 16 265 661 246 214
1019 18 485 635 158 196
1019 19 367 573 146 138
1019 20 583 661 153 186
1020 5 1264 881 274 199
1020 9 427 601 187 220
1020 14 1330 720 206 203
1020 16 293 668 246 211
1020 19 367 573 146 138
1020 20 610 671 155 190
1021 5 1293 889 262 191
1021 9 449 610 186 203
1021 14 1359 733 206 201
1021 16 321 677 243 209
1021 20 632 678 155 184
1022 5 1313 897 279 183
1022 9 470 616 186 182
1022 14 1376 733 211 203
1022 16 339 684 243 210
1022 20 652 689 154 181
1022 21 98 8 209 161
1023 5 1346 908 231 172
1023 9 470 616 186 182
1023 14 1401 748 211 198
1023 16 364 696 242 207
1023 20 676 696 153 179
1023 21 98 8 209 161
1023 22 610 825 207 251
1024 5 1374 919 229 159
1024 9 470 616 186 182
1024 14 1423 743 213 211
1024 16 385 707 243 208
1024 20 696 707 153 168
1024 21 98 8 209 161
1024 22 636 835 206 241
1024 23 513 637 186 192
1024 24 146 34 204 158
1025 5 1396 928 231 151
1025 9 470 616 186 182
1025 14 1443 763 216 202
1025 16 409 713 234 211
1025 20 716 714 155 166
1025 21 98 8 209 161
1025 22 658 843 207 235
1025 23 513 637 186 192
1025 24 146 34 204 158
1026 5 1426 935 231 145
1026 9 470 616 186 182
1026 14 1469 771 215 196
1026 16 428 721 237 209
1026 20 734 718 155 180
1026 21 98 8 209 161
1026 22 682 852 206 225
1026 23 546 650 184 182
1026 24 146 34 204 158
1027 5 1457 947 236 133
1027 14 1499 764 214 214
1027 16 456 731 235 208
1027 20 762 730 155 162
1027 22 711 863 207 217
1027 23 575 659 182 178
1027 24 146 34 204 158
1028 5 1479 953 238 127
1028 14 1519 785 218 205
1028 16 475 736 234 211
1028 20 777 736 157 166
1028 22 731 868 206 211
1028 23 593 664 181 178
1028 24 146 34 204 158
1029 5 1479 953 238 127
1029 14 1541 790 221 204
1029 16 493 745 236 209
1029 20 798 742 156 162
1029 22 754 879 210 201
1029 23 593 664 181 178
1029 25 624 670 164 127
1030 5 1479 953 238 127
1030 14 1567 784 219 221
1030 16 515 751 236 215
1030 20 821 752 154 159
1030 22 777 887 211 193
1030 23 593 664 181 178
1030 25 624 670 164 127
1031 5 1479 953 238 127
1031 14 1580 790 229 225
1031 16 531 761 233 215
1031 20 835 758 157 160
1031 22 795 897 211 183
1031 23 593 664 181 178
1031 25 624 670 164 127
1031 26 643 688 183 179
1032 5 1479 953 238 127
1032 14 1580 790 229 225
1032 16 549 768 233 213
1032 20 852 766 158 158
1032 22 815 908 209 172
1032 23 593 664 181 178
1032 25 624 670 164 127
1032 26 659 693 181 162
1032 27 1112 826 214 251
1032 28 306 106 192 156
1033 14 1580 790 229 225
1033 16 565 772 239 216
1033 20 871 773 158 162
1033 22 837 916 206 164
1033 25 624 670 164 127
1033 26 678 699 180 181
1033 27 1133 833 212 246
1033 28 324 111 191 156
1033 29 1630 823 230 212
1033 30 714 700 142 128
1034 14 1580 790 229 225
1034 16 579 778 238 214
1034 20 887 779 157 161
1034 22 854 922 209 158
1034 26 689 702 184 176
1034 27 1150 841 215 238
1034 28 338 114 192 154
1034 29 1630 823 230 212
1034 30 714 700 142 128
1035 14 1580 790 229 225
1035 16 599 784 233 215
1035 20 903 785 161 162
1035 22 875 931 209 148
1035 26 709 709 181 161
1035 27 1173 850 216 230
1035 28 357 118 191 154
1035 29 1630 823 230 212
1035 30 714 700 142 128
1035 31 752 708 137 136
1035 32 1676 837 240 221
1036 16 613 789 239 214
1036 20 919 793 161 169
1036 22 893 940 207 139
1036 26 709 709 181 161
1036 27 1188 859 222 221
1036 28 374 122 191 156
1036 29 1630 823 230 212
1036 30 714 700 142 128
1036 31 752 708 137 136
1036 32 1676 837 240 221
1037 16 628 797 237 216
1037 20 936 799 160 166
1037 22 910 949 211 130
1037 26 709 709 181 161
1037 27 1208 867 222 211
1037 28 387 127 191 155
1037 29 1630 823 230 212
1037 30 714 700 142 128
1037 31 752 708 137 136
1037 32 1676 837 240 221
1038 16 646 798 238 220
1038 20 955 803 162 163
1038 22 910 949 211 130
1038 26 709 709 181 161
1038 27 1233 873 223 206
1038 28 406 126 188 156
1038 31 752 708 137 136
1038 32 1676 837 240 221
1038 33 755 721 184 188
1038 34 775 722 163 133
1039 16 662 804 242 222
1039 20 975 806 164 173
1039 22 910 949 211 130
1039 26 709 709 181 161
1039 27 1257 880 224 200
1039 28 421 126 191 158
1039 31 752 708 137 136
1039 32 1676 837 240 221
1039 33 755 721 184 188
1039 34 775 722 163 133
1040 16 679 811 239 223
1040 20 990 814 167 178
1040 22 910 949 211 130
1040 27 1277 891 226 189
1040 28 435 129 192 156
1040 33 785 732 190 191
1040 34 782 730 191 138
1041 16 691 820 242 225
1041 20 1008 824 167 182
1041 22 910 949 211 130
1041 27 1298 902 223 178
1041 28 435 129 192 156
1041 33 785 732 190 191
1041 34 782 730 191 138
1042 16 705 831 247 231
1042 20 1022 834 171 186
1042 27 1322 918 223 162
1042 28 435 129 192 156
1042 33 785 732 190 191
1042 34 782 730 191 138
1042 35 869 750 132 143
1043 16 721 851 247 227
1043 20 1044 852 171 196
1043 27 1349 937 223 143
1043 28 435 129 192 156
1043 33 785 732 190 191
1043 34 782 730 191 138
1043 35 837 764 182 145
1044 16 736 868 250 212
1044 20 1062 870 176 206
1044 27 1377 957 228 121
1044 28 435 129 192 156
1044 33 785 732 190 191
1044 34 782 730 191 138
1044 35 859 781 177 147
1044 36 844 781 195 200
1045 16 748 883 254 197
1045 20 1079 886 177 194
1045 27 1377 957 228 121
1045 35 859 781 177 147
1045 36 855 795 198 199
1046 16 762 898 256 182
1046 20 1096 900 182 180
1046 27 1377 957 228 121
1046 35 859 781 177 147
1046 36 855 795 198 199
1046 37 505 179 198 162
1046 38 924 805 147 149
1047 16 775 908 259 172
1047 20 1112 913 186 167
1047 27 1377 957 228 121
1047 35 859 781 177 147
1047 36 855 795 198 199
1047 37 505 179 198 162
1047 38 940 817 145 159
1047 39 887 818 199 205
1048 16 785 918 264 162
1048 20 1128 925 184 155
1048 27 1377 957 228 121
1048 35 859 781 177 147
1048 36 855 795 198 199
1048 37 505 179 198 162
1048 38 954 826 144 151
1048 39 895 824 203 212
1049 16 798 928 266 152
1049 20 1143 936 187 144
1049 36 855 795 198 199
1049 37 505 179 198 162
1049 38 966 834 147 161
1049 39 895 824 203 212
1050 16 808 941 272 139
1050 20 1162 949 186 130
1050 37 505 179 198 162
1050 38 963 843 165 157
1050 39 895 824 203 212
1051 16 808 941 272 139
1051 20 1174 959 190 121
1051 38 963 843 165 157
1051 39 895 824 203 212
1051 40 936 849 204 224
1052 16 808 941 272 139
1052 20 1189 970 192 110
1052 38 989 855 163 162
1052 39 895 824 203 212
1052 40 956 856 196 194
1053 16 808 941 272 139
1053 20 1189 970 192 110
1053 38 989 855 163 162
1053 40 947 864 219 157
1054 16 808 941 272 139
1054 20 1189 970 192 110
1054 38 989 855 163 162
1054 40 952 871 227 160
1054 41 575 198 207 176
1054 42 1022 871 158 161
1055 20 1189 970 192 110
1055 38 989 855 163 162
1055 40 972 882 223 162
1055 41 579 204 210 177
1055 42 1040 881 154 164
1056 20 1189 970 192 110
1056 38 989 855 163 162
1056 40 990 895 220 178
1056 41 588 210 213 178
1056 42 1040 881 154 164
1057 40 1007 901 216 174
1057 41 600 213 214 176
1057 42 1040 881 154 164
1058 40 1013 906 227 170
1058 41 615 212 214 180
1058 42 1040 881 154 164
1059 40 1020 911 236 168
1059 41 624 211 215 181
1059 42 1040 881 154 164
1060 40 1030 920 234 160
1060 41 624 211 215 181
1061 40 1033 931 237 147
1061 41 624 211 215 181
1062 40 1046 944 233 133
1062 41 624 211 215 181
1063 40 1053 951 234 129
1063 41 624 211 215 181
1064 40 1059 955 235 125
1065 40 1059 958 236 122
1066 40 1060 959 236 121
1067 40 1061 960 235 120
1068 40 1063 961 232 119
1069 40 1062 954 231 126
1070 40 1060 949 229 130
1071 40 1060 948 227 129
1072 40 1059 947 225 130
1073 40 1120 946 159 131
1074 40 1121 944 157 130
1074 41 1048 943 230 133
1075 40 1121 944 157 130
1075 41 1069 943 207 135
1076 40 1117 940 156 138
1076 41 1047 940 226 138
1077 40 1117 940 156 138
1077 41 1060 937 209 143
1078 40 1115 935 150 145
1078 41 1031 934 234 146
1079 40 1115 935 150 145
1079 41 1053 933 209 147
1080 40 1112 931 152 149
1080 41 1048 932 215 148
1081 40 1118 928 145 137
1081 41 1060 930 202 150
1082 40 1118 928 145 137
1082 41 1071 928 190 150
1083 40 1118 928 145 137
1083 41 1036 927 220 150
1084 40 1115 922 144 155
1084 41 1045 923 213 152
1085 40 1115 922 144 155
1085 41 1043 917 214 157
1086 40 1115 922 144 155
1086 41 1042 917 208 154
1087 40 1115 922 144 155
1087 41 1045 921 196 154
1088 40 1115 922 144 155
1088 41 1042 928 196 146
1089 41 1045 930 192 145
1090 41 1049 930 187 144
1091 41 1048 930 188 143
1091 42 1101 927 137 145
1092 41 1048 930 188 143
1092 42 1112 931 128 143
1093 41 1048 930 188 143
1093 42 1114 929 127 144
1094 41 1048 930 188 143
1094 42 1115 929 132 142
1095 41 1048 930 188 143
1095 42 1083 933 164 137
1096 42 1128 939 125 136
1097 42 1130 942 124 134
1098 42 1135 942 123 134
1099 42 1136 944 126 130
1100 42 1136 952 124 125
1101 42 1135 959 126 121
1102 42 1152 962 116 118
1103 42 1147 962 117 118
1104 42 1148 964 116 116
1105 42 1137 970 124 107
1106 42 1145 977 115 101
1106 43 1097 979 164 97
1107 42 1133 985 121 92
1107 43 1086 983 167 95
1108 42 1132 990 120 88
1108 43 1086 983 167 95
1109 42 1139 991 115 87
1109 43 1086 983 167 95
1110 42 1145 990 110 88
1110 43 1086 983 167 95
1111 42 1145 985 109 93
1111 43 1086 983 167 95
1112 42 1137 979 114 96
1113 42 1096 976 157 100
1114 42 1135 970 113 108
1115 42 1135 963 110 112
1116 42 1137 958 108 114
1117 42 1134 951 107 116
1118 42 1135 946 102 112
1118 43 1249 1011 135 68
1119 42 1132 945 101 115
1119 43 1251 1010 130 70
1120 42 1129 945 100 115
1120 43 1248 1008 127 72
1121 42 1123 944 102 106
1121 43 1242 1006 127 74
1122 42 1112 941 107 102
1122 43 1236 1002 123 78
1122 44 1028 1001 151 79
1123 42 1112 941 107 102
1123 43 1223 998 123 82
1123 44 1012 996 156 84
1124 42 1098 931 100 106
1124 43 1212 996 123 84
1124 44 993 993 166 87
1125 42 1078 931 108 110
1125 43 1203 996 121 84
1125 44 993 993 166 87
1126 42 1078 931 108 110
1126 43 1192 994 118 86
1126 44 999 987 138 89
1127 42 1078 931 108 110
1127 43 1184 988 118 92
1127 44 966 986 164 94
1128 42 1063 925 99 114
1128 43 1177 986 118 94
1128 44 955 986 168 94
1129 42 1061 923 95 92
1129 43 1168 984 120 96
1129 44 947 983 169 97
1130 42 1061 923 95 92
1130 43 1159 982 119 98
1130 44 940 982 169 97
1131 42 1061 923 95 92
1131 43 1156 985 114 95
1131 44 936 984 166 96
1132 42 1061 923 95 92
1132 43 1149 986 113 94
1132 44 933 987 164 93
1132 45 1042 927 96 118
1133 42 1061 923 95 92
1133 43 1140 985 115 95
1133 44 956 986 133 94
1133 45 1039 929 91 91
1133 46 744 516 130 111
1134 43 1139 992 112 88
1134 44 947 991 140 89
1134 45 1039 929 91 91
1134 46 744 516 130 111
1135 43 1140 997 112 83
1135 44 944 998 144 80
1135 45 1037 939 92 102
1135 46 744 516 130 111
1136 43 1139 998 109 82
1136 44 955 998 131 80
1136 45 1034 941 90 96
1136 46 744 516 130 111
1137 43 1137 997 107 82
1137 44 953 997 132 81
1137 45 1030 942 91 113
1137 46 744 516 130 111
1138 43 1133 994 108 86
1138 44 945 996 139 82
1138 45 1030 942 90 107
1139 43 1132 991 106 89
1139 44 947 993 135 86
1139 45 1030 942 90 107
1140 43 1127 986 106 94
1140 44 955 988 123 92
1140 45 1030 942 90 107
1141 43 1123 980 108 100
1141 44 955 988 123 92
1141 45 1030 942 90 107
1142 43 1115 973 113 106
1142 44 954 975 120 105
1142 45 1030 942 90 107
1142 46 1017 927 94 86
1142 47 1291 1006 122 74
1143 43 1121 961 109 116
1143 44 944 965 135 114
1143 46 1026 919 86 84
1143 47 1292 997 122 83
1144 43 1124 952 104 99
1144 44 944 965 135 114
1144 46 1026 919 86 84
1144 47 1288 985 121 95
1145 43 1115 940 106 128
1145 44 932 947 142 128
1145 46 1026 919 86 84
1145 47 1281 975 120 105
1145 48 1611 972 155 108
1145 49 1022 898 86 83
1146 43 1114 931 105 118
1146 44 958 935 115 130
1146 46 1026 919 86 84
1146 47 1279 962 119 118
1146 48 1611 972 155 108
1146 49 1022 898 86 83
1147 43 1114 931 105 118
1147 44 945 922 132 126
1147 46 1026 919 86 84
1147 47 1278 950 116 129
1147 48 1604 947 148 132
1147 49 1022 898 86 83
1147 50 1121 920 97 94
1147 51 1104 986 117 94
1147 52 1021 877 86 79
1148 43 1114 931 105 118
1148 44 945 922 132 126
1148 47 1278 950 116 129
1148 48 1604 947 148 132
1148 49 1022 898 86 83
1148 50 1121 920 97 94
1148 51 1103 975 116 105
1148 52 1021 877 86 79
1149 43 1114 931 105 118
1149 44 940 893 138 128
1149 47 1278 950 116 129
1149 48 1604 947 148 132
1149 49 1022 898 86 83
1149 50 1121 920 97 94
1149 51 1102 962 119 118
1149 52 1021 877 86 79
1149 53 1523 1006 130 74
1150 43 1114 931 105 118
1150 44 960 889 115 126
1150 47 1278 950 116 129
1150 48 1604 947 148 132
1150 50 1121 920 97 94
1150 51 1100 956 116 122
1150 52 1021 877 86 79
1150 53 1518 998 134 81
1150 54 1117 887 97 94
1151 44 960 889 115 126
1151 47 1278 950 116 129
1151 48 1604 947 148 132
1151 50 1121 920 97 94
1151 51 1099 947 116 130
1151 52 1021 877 86 79
1151 53 1516 989 134 91
1151 54 1117 887 97 94
1152 44 960 889 115 126
1152 51 1101 937 116 143
1152 53 1514 979 147 100
1152 54 1117 874 97 86
1153 44 960 889 115 126
1153 51 1101 937 116 143
1153 53 1513 966 148 114
1153 54 1119 861 97 101
1154 44 960 889 115 126
1154 51 1101 937 116 143
1154 53 1507 953 138 126
1154 54 1119 861 97 101
1155 51 1101 937 116 143
1155 53 1504 950 137 129
1155 54 1119 861 97 101
1156 51 1101 937 116 143
1156 53 1502 949 131 130
1156 54 1119 861 97 101
1157 53 1500 950 132 129
1157 54 1119 861 97 101
1158 53 1500 953 133 125
1159 53 1502 958 145 121
1160 53 1502 963 155 117
1161 53 1504 966 155 113
1162 53 1506 966 148 113
1162 54 1116 861 96 96
1163 53 1514 969 145 111
1163 54 1119 861 96 100
1164 53 1517 973 143 106
1164 54 1119 861 97 97
1165 53 1522 975 139 104
1165 54 1122 862 96 96
1166 53 1523 977 149 102
1166 54 1124 865 96 93
1166 55 1027 826 87 72
1167 53 1530 982 151 98
1167 54 1124 868 98 95
1167 55 1027 826 87 72
1167 56 1104 936 119 144
1168 53 1536 986 145 94
1168 54 1122 871 100 95
1168 55 1026 831 88 77
1168 56 1105 937 120 143
1168 57 961 874 120 128
1169 53 1539 988 144 92
1169 54 1123 873 99 95
1169 55 1030 832 85 75
1169 56 1104 938 121 141
1169 57 959 874 122 130
1170 53 1544 990 139 90
1170 54 1123 873 99 100
1170 55 1029 832 86 78
1170 56 1104 941 122 138
1170 57 946 876 135 129
1171 53 1546 995 140 85
1171 54 1121 875 100 111
1171 55 1025 833 87 79
1171 56 1101 943 123 137
1171 57 931 878 145 129
1172 53 1549 998 142 82
1172 54 1118 878 101 103
1172 55 1014 834 95 80
1172 56 1098 949 124 130
1172 57 925 881 150 131
1173 53 1561 1001 139 79
1173 54 1121 880 102 98
1173 55 1017 834 96 87
1173 56 1102 952 124 128
1173 57 932 883 141 132
1174 53 1568 1008 143 72
1174 54 1122 882 106 106
1174 55 1017 834 96 87
1174 56 1103 960 127 120
1174 57 951 887 126 135
1175 53 1568 1008 143 72
1175 54 1124 890 106 108
1175 55 1025 848 88 85
1175 56 1104 971 127 109
1175 57 959 898 118 137
1175 58 1292 925 126 155
1176 53 1568 1008 143 72
1176 54 1122 897 107 102
1176 55 1023 854 90 87
1176 56 1104 977 127 103
1176 57 957 903 118 136
1176 58 1294 928 127 152
1177 53 1568 1008 143 72
1177 54 1125 897 107 102
1177 55 1024 855 90 86
1177 56 1104 979 129 101
1177 57 953 904 124 139
1177 58 1297 927 129 153
1177 59 1650 925 166 152
1178 53 1568 1008 143 72
1178 54 1128 897 109 103
1178 55 1026 854 90 86
1178 56 1108 981 132 99
1178 57 959 904 123 141
1178 58 1301 928 134 152
1178 59 1658 925 172 155
1179 54 1136 901 109 108
1179 55 1030 855 92 86
1179 56 1108 981 132 99
1179 57 946 907 142 142
1179 58 1311 931 135 149
1179 59 1673 926 173 154
1180 54 1139 906 114 109
1180 55 1030 855 92 86
1180 56 1123 993 127 87
1180 57 934 914 157 145
1180 58 1321 938 133 141
1180 59 1687 934 173 145
1181 54 1143 914 115 107
1181 55 1030 855 92 86
1181 56 1123 993 127 87
1181 57 935 922 163 145
1181 58 1325 948 137 132
1181 59 1696 940 178 138
1181 60 1039 867 92 97
1182 54 1149 922 117 121
1182 55 1030 855 92 86
1182 56 1123 993 127 87
1182 57 939 930 165 145
1182 58 1334 956 138 124
1182 59 1696 940 178 138
1182 60 1041 874 99 95
1183 54 1150 929 125 135
1183 55 1030 855 92 86
1183 56 1123 993 127 87
1183 57 947 938 164 141
1183 58 1343 963 139 117
1183 59 1696 940 178 138
1183 60 1045 879 100 116
1184 54 1164 930 116 114
1184 56 1123 993 127 87
1184 57 947 938 164 141
1184 58 1351 965 142 115
1184 59 1696 940 178 138
1184 60 1045 879 100 116
1185 54 1170 932 118 122
1185 57 968 940 151 138
1185 58 1358 968 142 112
1185 59 1696 940 178 138
1185 60 1045 879 100 116
1186 54 1173 932 121 124
1186 57 968 940 151 138
1186 58 1365 971 143 109
1186 60 1045 879 100 116
1187 54 1177 931 120 124
1187 57 959 937 167 143
1187 58 1369 969 149 111
1187 60 1045 879 100 116
1188 54 1183 928 120 118
1188 57 960 935 173 144
1188 58 1380 969 145 111
1189 54 1186 929 122 123
1189 57 962 936 175 143
1189 58 1385 969 147 111
1190 54 1187 934 125 123
1190 57 964 940 173 140
1190 58 1390 976 151 104
1191 54 1188 939 127 124
1191 57 962 945 175 133
1191 58 1396 983 149 97
1192 54 1195 939 128 127
1192 57 962 945 175 133
1192 58 1404 985 152 95
1193 54 1198 937 128 127
1193 57 963 941 181 138
1193 58 1410 983 156 97
1193 59 1078 876 104 116
1194 54 1199 934 129 129
1194 57 963 939 182 139
1194 58 1415 982 155 98
1194 59 1078 876 104 116
1195 54 1199 938 130 135
1195 57 961 941 183 139
1195 58 1417 984 158 96
1195 59 1078 876 105 123
1196 54 1200 944 131 135
1196 57 962 947 181 131
1196 58 1417 984 158 96
1196 59 1032 878 151 118
1196 60 1056 880 128 150
1197 54 1203 950 132 129
1197 57 957 951 186 129
1197 58 1417 984 158 96
1197 59 1072 885 110 115
1197 60 1056 880 128 150
1198 54 1203 960 134 119
1198 57 953 961 190 117
1198 58 1417 984 158 96
1198 59 1072 885 110 115
1198 60 1046 894 137 130
1199 54 1204 974 136 104
1199 57 948 973 192 104
1199 58 1417 984 158 96
1199 59 1072 885 110 115
1199 60 1033 904 147 120
1200 54 1208 986 139 94
1200 57 948 973 192 104
1200 59 1072 885 110 115
1200 60 1068 918 115 118
1201 54 1210 1001 141 79
1201 57 948 973 192 104
1201 59 1072 885 110 115
1201 60 1072 932 114 137
1202 54 1210 1001 141 79
1202 57 948 973 192 104
1202 60 1049 948 134 127
1203 54 1210 1001 141 79
1203 57 948 973 192 104
1203 60 1075 960 116 120
1204 54 1210 1001 141 79
1204 60 1025 969 174 108
1205 54 1210 1001 141 79
1205 60 1032 979 167 100
1206 60 1077 989 125 91
1207 60 1084 997 126 83
1208 60 1085 1004 131 76
1209 60 1099 1010 124 70
1210 60 1099 1010 124 70
1211 60 1099 1010 124 70
1212 60 1099 1010 124 70
1213 60 1099 1010 124 70
1214 61 700 480 182 154
1215 61 700 480 182 154
1216 61 700 480 182 154
1217 61 700 480 182 154
1218 61 700 480 182 154
1226 1 768 414 219 181
1227 1 768 414 219 181
1228 1 784 409 222 189
1229 1 785 404 232 191
1230 1 796 404 234 195
1231 1 796 404 234 195
1232 1 796 404 234 195
1233 1 796 404 234 195
1234 1 796 404 234 195
1235 1 830 410 251 214
1236 1 830 410 251 214
1237 1 830 410 251 214
1238 1 837 406 265 224
1239 1 837 406 265 224
1240 1 837 406 265 224
1241 1 837 406 265 224
1242 1 837 406 265 224
1244 1 820 405 291 249
1245 1 811 405 299 253
1246 1 811 405 299 253
1247 1 804 397 308 262
1248 1 796 388 314 269
1249 1 783 377 323 279
1250 1 773 373 329 282
1251 1 767 366 335 289
1252 1 746 356 345 297
1253 1 732 353 355 302
1254 1 724 354 365 312
1255 1 713 352 373 323
1256 1 709 349 380 329
1257 1 710 347 387 338
1258 1 708 347 396 344
1259 1 708 347 405 355
1260 1 707 347 418 362
1261 1 705 345 426 372
1262 1 693 336 435 385
1263 1 681 330 446 394
1264 1 674 325 457 404
1265 1 661 318 470 413
1266 1 651 312 479 424
1267 1 637 310 494 438
1268 1 626 306 503 451
1269 1 611 299 516 459
1270 1 604 295 525 473
1271 1 586 285 541 486
1272 1 571 276 554 498
1273 1 557 268 569 511
1274 1 544 262 582 523
1275 1 528 249 600 538
1276 1 517 229 611 556
1277 1 509 205 626 574
1278 1 496 182 642 588
1279 1 484 155 656 607
1280 1 470 131 674 624
1281 1 462 106 688 643
1282 1 449 86 704 664
1283 1 433 77 721 678
1284 1 417 70 735 691
1285 1 402 56 753 711
1286 1 383 46 770 735
1287 1 370 45 783 751
1288 1 352 46 800 767
1289 1 341 48 812 780
1290 1 328 51 831 795
1291 1 313 50 845 810
1292 1 298 45 860 833
1293 1 290 40 872 851
1294 1 275 40 888 865
1295 1 259 36 905 881
1296 1 249 29 921 897
1297 1 239 12 935 912
1298 1 230 3 953 910
1299 1 220 3 966 907
1300 1 207 4 980 907
1301 1 193 3 991 908
1302 1 184 4 1002 908
1303 1 178 4 1012 904
1304 1 171 4 1022 901
1305 1 162 4 1036 899
1306 1 160 5 1041 901
1307 1 157 5 1054 897
1308 1 156 6 1066 891
1309 1 152 5 1080 890
1310 1 150 5 1098 886
1311 1 152 5 1111 895
1312 1 152 5 1122 905
1313 1 151 5 1134 934
1314 1 157 6 1146 963
1315 1 157 7 1153 993
1316 1 153 7 1166 1027
1317 1 150 6 1178 1048
1318 1 149 6 1194 1055
1319 1 149 6 1194 1055
1320 1 149 6 1194 1055
1321 1 149 6 1194 1055
1322 1 149 6 1194 1055
1360 1 24 14 1201 1048
1361 1 24 14 1201 1048
1362 1 24 14 1201 1048
1363 1 24 14 1201 1048
1364 1 24 14 1201 1048
1366 1 30 25 1106 1038
1367 1 37 25 1085 1041
1368 1 42 30 1070 1035
1369 1 47 32 1054 1025
1370 1 50 35 1042 1013
1371 1 53 37 1033 1002
1372 1 58 39 1023 991
1373 1 67 43 1011 980
1374 1 76 46 1000 971
1375 1 88 52 989 959
1376 1 95 58 980 947
1377 1 104 68 968 937
1378 1 111 80 959 925
1379 1 123 89 951 913
1380 1 143 91 937 902
1381 1 150 88 934 894
1382 1 155 91 929 888
1383 1 170 103 911 885
1384 1 173 120 904 869
